The Length is in units of centimeters
Length
400
450
580
337
602
480
500
555
466
450
468
450
520
550
530
473
300
460
150
400
400
400.0
420
450
450
450
480
500
500
500.0
500.0
550
390
360
400
471
506
460
400
555
530
580
470
380
301
508
435
560
436
460
370
375
552
480
515
490
274
538
300
500
450
400
570
250
402
350
460
436
500
490
420
480
520
420
273
150
280
400
300
250
500
400
520
300
250
400
400
315
350
360
320
411
250
381
406
442
398
482
353
324
383
426
232
481
320
530
420
480
480
430
480
500
230
365
231
280
446
411
311
300
408
300
440
340
400
360
342
250
477
200
400
504
126
350
600
480
500
300
460
350
470
500
440
440
545
470
130
360
400
500
560
400
400
400
500
670
340
500
557
500
531
400
542
500
533
500
500
450
500
