6.004000000000000000e+03
6.013000000000000000e+03
6.015000000000000000e+03
6.016000000000000000e+03
6.022000000000000000e+03
6.028000000000000000e+03
6.029000000000000000e+03
6.032000000000000000e+03
6.033000000000000000e+03
6.034000000000000000e+03
6.040000000000000000e+03
6.041000000000000000e+03
6.042000000000000000e+03
6.043000000000000000e+03
6.045000000000000000e+03
6.047000000000000000e+03
6.049000000000000000e+03
6.052000000000000000e+03
6.053000000000000000e+03
6.057000000000000000e+03
6.062000000000000000e+03
6.066000000000000000e+03
6.067000000000000000e+03
6.068000000000000000e+03
6.069000000000000000e+03
6.070000000000000000e+03
6.071000000000000000e+03
6.076000000000000000e+03
6.077000000000000000e+03
6.079000000000000000e+03
6.084000000000000000e+03
6.089000000000000000e+03
6.092000000000000000e+03
6.103000000000000000e+03
6.104000000000000000e+03
6.105000000000000000e+03
6.134000000000000000e+03
6.136000000000000000e+03
6.140000000000000000e+03
6.141000000000000000e+03
6.142000000000000000e+03
6.146000000000000000e+03
6.154000000000000000e+03
6.155000000000000000e+03
6.156000000000000000e+03
6.158000000000000000e+03
6.160000000000000000e+03
6.161000000000000000e+03
6.162000000000000000e+03
6.166000000000000000e+03
6.185000000000000000e+03
6.191000000000000000e+03
6.197000000000000000e+03
6.198000000000000000e+03
6.206000000000000000e+03
6.209000000000000000e+03
6.215000000000000000e+03
6.218000000000000000e+03
6.221000000000000000e+03
6.223000000000000000e+03
6.229000000000000000e+03
6.236000000000000000e+03
6.243000000000000000e+03
6.247000000000000000e+03
6.248000000000000000e+03
6.256000000000000000e+03
6.261000000000000000e+03
6.263000000000000000e+03
6.266000000000000000e+03
6.267000000000000000e+03
6.270000000000000000e+03
6.274000000000000000e+03
6.276000000000000000e+03
6.278000000000000000e+03
6.279000000000000000e+03
6.287000000000000000e+03
6.297000000000000000e+03
6.300000000000000000e+03
6.306000000000000000e+03
6.309000000000000000e+03
6.311000000000000000e+03
6.312000000000000000e+03
6.313000000000000000e+03
6.319000000000000000e+03
6.320000000000000000e+03
6.321000000000000000e+03
6.323000000000000000e+03
6.324000000000000000e+03
6.325000000000000000e+03
6.326000000000000000e+03
6.329000000000000000e+03
6.346000000000000000e+03
6.347000000000000000e+03
6.349000000000000000e+03
6.353000000000000000e+03
6.361000000000000000e+03
6.366000000000000000e+03
6.367000000000000000e+03
6.368000000000000000e+03
6.371000000000000000e+03
6.373000000000000000e+03
6.374000000000000000e+03
6.380000000000000000e+03
6.382000000000000000e+03
6.385000000000000000e+03
6.390000000000000000e+03
6.395000000000000000e+03
6.396000000000000000e+03
6.397000000000000000e+03
6.398000000000000000e+03
6.401000000000000000e+03
6.404000000000000000e+03
6.407000000000000000e+03
6.413000000000000000e+03
6.414000000000000000e+03
6.416000000000000000e+03
6.422000000000000000e+03
6.423000000000000000e+03
6.428000000000000000e+03
6.429000000000000000e+03
6.434000000000000000e+03
6.435000000000000000e+03
6.438000000000000000e+03
6.441000000000000000e+03
6.443000000000000000e+03
6.447000000000000000e+03
6.448000000000000000e+03
6.454000000000000000e+03
6.456000000000000000e+03
6.460000000000000000e+03
6.473000000000000000e+03
6.475000000000000000e+03
6.476000000000000000e+03
6.477000000000000000e+03
6.481000000000000000e+03
6.483000000000000000e+03
6.484000000000000000e+03
6.489000000000000000e+03
6.496000000000000000e+03
6.502000000000000000e+03
6.504000000000000000e+03
6.506000000000000000e+03
6.511000000000000000e+03
6.513000000000000000e+03
6.517000000000000000e+03
6.520000000000000000e+03
6.523000000000000000e+03
6.524000000000000000e+03
6.525000000000000000e+03
6.527000000000000000e+03
6.540000000000000000e+03
6.549000000000000000e+03
6.551000000000000000e+03
6.552000000000000000e+03
6.554000000000000000e+03
6.556000000000000000e+03
6.558000000000000000e+03
6.559000000000000000e+03
6.565000000000000000e+03
6.568000000000000000e+03
6.569000000000000000e+03
6.573000000000000000e+03
6.576000000000000000e+03
6.577000000000000000e+03
6.580000000000000000e+03
6.583000000000000000e+03
6.586000000000000000e+03
6.591000000000000000e+03
6.592000000000000000e+03
6.593000000000000000e+03
6.598000000000000000e+03
6.599000000000000000e+03
6.613000000000000000e+03
6.615000000000000000e+03
6.616000000000000000e+03
6.621000000000000000e+03
6.623000000000000000e+03
6.625000000000000000e+03
6.626000000000000000e+03
6.629000000000000000e+03
6.638000000000000000e+03
6.642000000000000000e+03
6.646000000000000000e+03
6.659000000000000000e+03
6.660000000000000000e+03
6.667000000000000000e+03
6.670000000000000000e+03
6.675000000000000000e+03
6.677000000000000000e+03
6.685000000000000000e+03
6.687000000000000000e+03
6.688000000000000000e+03
6.691000000000000000e+03
6.699000000000000000e+03
6.701000000000000000e+03
6.710000000000000000e+03
6.712000000000000000e+03
6.713000000000000000e+03
6.714000000000000000e+03
6.717000000000000000e+03
6.720000000000000000e+03
6.722000000000000000e+03
6.723000000000000000e+03
6.729000000000000000e+03
6.730000000000000000e+03
6.732000000000000000e+03
6.737000000000000000e+03
6.739000000000000000e+03
6.740000000000000000e+03
6.744000000000000000e+03
6.747000000000000000e+03
6.756000000000000000e+03
6.761000000000000000e+03
6.763000000000000000e+03
6.764000000000000000e+03
6.770000000000000000e+03
6.771000000000000000e+03
6.774000000000000000e+03
6.776000000000000000e+03
6.777000000000000000e+03
6.780000000000000000e+03
6.781000000000000000e+03
6.786000000000000000e+03
6.797000000000000000e+03
6.800000000000000000e+03
6.801000000000000000e+03
6.804000000000000000e+03
6.810000000000000000e+03
6.814000000000000000e+03
6.820000000000000000e+03
6.822000000000000000e+03
6.824000000000000000e+03
6.825000000000000000e+03
6.828000000000000000e+03
6.829000000000000000e+03
6.834000000000000000e+03
6.836000000000000000e+03
6.838000000000000000e+03
6.839000000000000000e+03
6.840000000000000000e+03
6.844000000000000000e+03
6.845000000000000000e+03
6.846000000000000000e+03
6.848000000000000000e+03
6.849000000000000000e+03
6.850000000000000000e+03
6.856000000000000000e+03
6.860000000000000000e+03
6.862000000000000000e+03
6.867000000000000000e+03
6.868000000000000000e+03
6.872000000000000000e+03
6.875000000000000000e+03
6.876000000000000000e+03
6.878000000000000000e+03
6.883000000000000000e+03
6.888000000000000000e+03
6.889000000000000000e+03
6.894000000000000000e+03
6.896000000000000000e+03
6.897000000000000000e+03
6.898000000000000000e+03
6.901000000000000000e+03
6.907000000000000000e+03
6.918000000000000000e+03
6.919000000000000000e+03
6.923000000000000000e+03
6.929000000000000000e+03
6.936000000000000000e+03
6.939000000000000000e+03
6.941000000000000000e+03
6.949000000000000000e+03
6.950000000000000000e+03
6.955000000000000000e+03
6.957000000000000000e+03
6.960000000000000000e+03
6.964000000000000000e+03
6.968000000000000000e+03
6.969000000000000000e+03
6.970000000000000000e+03
6.972000000000000000e+03
6.977000000000000000e+03
6.978000000000000000e+03
6.987000000000000000e+03
6.992000000000000000e+03
6.996000000000000000e+03
7.000000000000000000e+03
7.004000000000000000e+03
7.011000000000000000e+03
7.013000000000000000e+03
7.016000000000000000e+03
7.022000000000000000e+03
7.027000000000000000e+03
7.032000000000000000e+03
7.033000000000000000e+03
7.036000000000000000e+03
7.043000000000000000e+03
7.045000000000000000e+03
7.047000000000000000e+03
7.050000000000000000e+03
7.051000000000000000e+03
7.053000000000000000e+03
7.073000000000000000e+03
7.078000000000000000e+03
7.080000000000000000e+03
7.084000000000000000e+03
7.090000000000000000e+03
7.092000000000000000e+03
7.094000000000000000e+03
7.099000000000000000e+03
7.103000000000000000e+03
7.106000000000000000e+03
7.109000000000000000e+03
7.111000000000000000e+03
7.117000000000000000e+03
7.120000000000000000e+03
7.121000000000000000e+03
7.125000000000000000e+03
7.127000000000000000e+03
7.137000000000000000e+03
7.139000000000000000e+03
7.140000000000000000e+03
7.141000000000000000e+03
7.144000000000000000e+03
7.148000000000000000e+03
7.149000000000000000e+03
7.154000000000000000e+03
7.155000000000000000e+03
7.156000000000000000e+03
7.157000000000000000e+03
7.162000000000000000e+03
7.163000000000000000e+03
7.167000000000000000e+03
7.173000000000000000e+03
7.181000000000000000e+03
7.182000000000000000e+03
7.184000000000000000e+03
7.186000000000000000e+03
7.188000000000000000e+03
7.190000000000000000e+03
7.198000000000000000e+03
7.199000000000000000e+03
7.202000000000000000e+03
7.203000000000000000e+03
7.205000000000000000e+03
7.207000000000000000e+03
7.209000000000000000e+03
7.213000000000000000e+03
7.216000000000000000e+03
7.222000000000000000e+03
7.223000000000000000e+03
7.225000000000000000e+03
7.229000000000000000e+03
7.232000000000000000e+03
7.234000000000000000e+03
7.235000000000000000e+03
7.239000000000000000e+03
7.241000000000000000e+03
7.242000000000000000e+03
7.249000000000000000e+03
7.251000000000000000e+03
7.253000000000000000e+03
7.260000000000000000e+03
7.261000000000000000e+03
7.263000000000000000e+03
7.264000000000000000e+03
7.265000000000000000e+03
7.266000000000000000e+03
7.275000000000000000e+03
7.277000000000000000e+03
7.278000000000000000e+03
7.280000000000000000e+03
7.282000000000000000e+03
7.283000000000000000e+03
7.291000000000000000e+03
7.295000000000000000e+03
7.297000000000000000e+03
7.301000000000000000e+03
7.303000000000000000e+03
7.306000000000000000e+03
7.310000000000000000e+03
7.311000000000000000e+03
7.314000000000000000e+03
7.315000000000000000e+03
7.318000000000000000e+03
7.321000000000000000e+03
7.331000000000000000e+03
7.332000000000000000e+03
7.340000000000000000e+03
7.346000000000000000e+03
7.349000000000000000e+03
7.354000000000000000e+03
7.356000000000000000e+03
7.359000000000000000e+03
7.363000000000000000e+03
7.366000000000000000e+03
7.368000000000000000e+03
7.370000000000000000e+03
7.371000000000000000e+03
7.373000000000000000e+03
7.377000000000000000e+03
7.379000000000000000e+03
7.380000000000000000e+03
7.383000000000000000e+03
7.386000000000000000e+03
7.387000000000000000e+03
7.393000000000000000e+03
7.395000000000000000e+03
7.403000000000000000e+03
7.412000000000000000e+03
7.414000000000000000e+03
7.416000000000000000e+03
7.417000000000000000e+03
7.423000000000000000e+03
7.424000000000000000e+03
7.425000000000000000e+03
7.427000000000000000e+03
7.435000000000000000e+03
7.437000000000000000e+03
7.443000000000000000e+03
7.444000000000000000e+03
7.448000000000000000e+03
7.449000000000000000e+03
7.451000000000000000e+03
7.456000000000000000e+03
7.463000000000000000e+03
7.464000000000000000e+03
7.468000000000000000e+03
7.469000000000000000e+03
7.470000000000000000e+03
7.472000000000000000e+03
7.483000000000000000e+03
7.485000000000000000e+03
7.486000000000000000e+03
7.487000000000000000e+03
7.490000000000000000e+03
7.497000000000000000e+03
7.499000000000000000e+03
7.500000000000000000e+03
7.502000000000000000e+03
7.506000000000000000e+03
7.507000000000000000e+03
7.511000000000000000e+03
7.512000000000000000e+03
7.514000000000000000e+03
7.521000000000000000e+03
7.523000000000000000e+03
7.525000000000000000e+03
7.530000000000000000e+03
7.532000000000000000e+03
7.539000000000000000e+03
7.541000000000000000e+03
7.543000000000000000e+03
7.544000000000000000e+03
7.545000000000000000e+03
7.547000000000000000e+03
7.548000000000000000e+03
7.551000000000000000e+03
7.557000000000000000e+03
7.558000000000000000e+03
7.564000000000000000e+03
7.567000000000000000e+03
7.571000000000000000e+03
7.582000000000000000e+03
7.583000000000000000e+03
7.589000000000000000e+03
7.594000000000000000e+03
7.595000000000000000e+03
7.596000000000000000e+03
7.600000000000000000e+03
7.613000000000000000e+03
7.615000000000000000e+03
7.617000000000000000e+03
7.622000000000000000e+03
7.625000000000000000e+03
7.626000000000000000e+03
7.627000000000000000e+03
7.629000000000000000e+03
7.638000000000000000e+03
7.642000000000000000e+03
7.648000000000000000e+03
7.651000000000000000e+03
7.655000000000000000e+03
7.657000000000000000e+03
7.659000000000000000e+03
7.666000000000000000e+03
7.670000000000000000e+03
7.673000000000000000e+03
7.674000000000000000e+03
7.679000000000000000e+03
7.680000000000000000e+03
7.688000000000000000e+03
7.692000000000000000e+03
7.693000000000000000e+03
7.697000000000000000e+03
7.698000000000000000e+03
7.699000000000000000e+03
7.702000000000000000e+03
7.705000000000000000e+03
7.707000000000000000e+03
7.709000000000000000e+03
7.721000000000000000e+03
7.728000000000000000e+03
7.733000000000000000e+03
7.737000000000000000e+03
7.738000000000000000e+03
7.741000000000000000e+03
7.745000000000000000e+03
7.764000000000000000e+03
7.766000000000000000e+03
7.769000000000000000e+03
7.774000000000000000e+03
7.780000000000000000e+03
7.781000000000000000e+03
7.782000000000000000e+03
7.784000000000000000e+03
7.788000000000000000e+03
7.789000000000000000e+03
7.790000000000000000e+03
7.793000000000000000e+03
7.794000000000000000e+03
7.798000000000000000e+03
7.801000000000000000e+03
7.803000000000000000e+03
7.806000000000000000e+03
7.807000000000000000e+03
7.812000000000000000e+03
7.813000000000000000e+03
7.814000000000000000e+03
7.815000000000000000e+03
7.816000000000000000e+03
7.819000000000000000e+03
7.827000000000000000e+03
7.828000000000000000e+03
7.829000000000000000e+03
7.832000000000000000e+03
7.834000000000000000e+03
7.840000000000000000e+03
7.845000000000000000e+03
7.846000000000000000e+03
7.850000000000000000e+03
7.853000000000000000e+03
7.854000000000000000e+03
7.857000000000000000e+03
7.859000000000000000e+03
7.862000000000000000e+03
7.870000000000000000e+03
7.872000000000000000e+03
7.877000000000000000e+03
7.879000000000000000e+03
7.882000000000000000e+03
7.886000000000000000e+03
7.887000000000000000e+03
7.891000000000000000e+03
7.892000000000000000e+03
7.894000000000000000e+03
7.897000000000000000e+03
7.898000000000000000e+03
7.901000000000000000e+03
7.902000000000000000e+03
7.903000000000000000e+03
7.905000000000000000e+03
7.911000000000000000e+03
7.915000000000000000e+03
7.916000000000000000e+03
7.917000000000000000e+03
7.919000000000000000e+03
7.920000000000000000e+03
7.923000000000000000e+03
7.927000000000000000e+03
7.929000000000000000e+03
7.932000000000000000e+03
7.937000000000000000e+03
7.938000000000000000e+03
7.939000000000000000e+03
7.943000000000000000e+03
7.954000000000000000e+03
7.955000000000000000e+03
7.956000000000000000e+03
7.957000000000000000e+03
7.958000000000000000e+03
7.960000000000000000e+03
7.965000000000000000e+03
7.967000000000000000e+03
7.970000000000000000e+03
7.971000000000000000e+03
7.972000000000000000e+03
7.974000000000000000e+03
7.975000000000000000e+03
7.978000000000000000e+03
7.985000000000000000e+03
7.998000000000000000e+03
8.001000000000000000e+03
8.003000000000000000e+03
8.009000000000000000e+03
8.010000000000000000e+03
8.011000000000000000e+03
8.014000000000000000e+03
8.017000000000000000e+03
8.026000000000000000e+03
8.030000000000000000e+03
8.031000000000000000e+03
8.033000000000000000e+03
8.035000000000000000e+03
8.036000000000000000e+03
8.043000000000000000e+03
8.049000000000000000e+03
8.050000000000000000e+03
8.052000000000000000e+03
8.054000000000000000e+03
8.058000000000000000e+03
8.060000000000000000e+03
8.061000000000000000e+03
8.065000000000000000e+03
8.068000000000000000e+03
8.070000000000000000e+03
8.075000000000000000e+03
8.083000000000000000e+03
8.085000000000000000e+03
8.087000000000000000e+03
8.088000000000000000e+03
8.092000000000000000e+03
8.093000000000000000e+03
8.098000000000000000e+03
8.100000000000000000e+03
8.106000000000000000e+03
8.115000000000000000e+03
8.116000000000000000e+03
8.122000000000000000e+03
8.123000000000000000e+03
8.126000000000000000e+03
8.127000000000000000e+03
8.128000000000000000e+03
8.130000000000000000e+03
8.135000000000000000e+03
8.136000000000000000e+03
8.137000000000000000e+03
8.147000000000000000e+03
8.150000000000000000e+03
8.163000000000000000e+03
8.176000000000000000e+03
8.177000000000000000e+03
8.179000000000000000e+03
8.182000000000000000e+03
8.193000000000000000e+03
8.196000000000000000e+03
8.211000000000000000e+03
8.212000000000000000e+03
8.213000000000000000e+03
8.214000000000000000e+03
8.220000000000000000e+03
8.224000000000000000e+03
8.226000000000000000e+03
8.231000000000000000e+03
8.236000000000000000e+03
8.239000000000000000e+03
8.240000000000000000e+03
8.245000000000000000e+03
8.248000000000000000e+03
8.250000000000000000e+03
8.252000000000000000e+03
8.253000000000000000e+03
8.257000000000000000e+03
8.271000000000000000e+03
8.276000000000000000e+03
8.278000000000000000e+03
8.282000000000000000e+03
8.284000000000000000e+03
8.287000000000000000e+03
8.290000000000000000e+03
8.297000000000000000e+03
8.299000000000000000e+03
8.307000000000000000e+03
8.308000000000000000e+03
8.311000000000000000e+03
8.316000000000000000e+03
8.320000000000000000e+03
8.321000000000000000e+03
8.323000000000000000e+03
8.329000000000000000e+03
8.334000000000000000e+03
8.338000000000000000e+03
8.348000000000000000e+03
8.349000000000000000e+03
8.350000000000000000e+03
8.354000000000000000e+03
8.357000000000000000e+03
8.362000000000000000e+03
8.367000000000000000e+03
8.374000000000000000e+03
8.375000000000000000e+03
8.377000000000000000e+03
8.378000000000000000e+03
8.379000000000000000e+03
8.382000000000000000e+03
8.384000000000000000e+03
8.387000000000000000e+03
8.395000000000000000e+03
8.396000000000000000e+03
8.398000000000000000e+03
8.405000000000000000e+03
8.407000000000000000e+03
8.416000000000000000e+03
8.421000000000000000e+03
8.425000000000000000e+03
8.426000000000000000e+03
8.427000000000000000e+03
8.438000000000000000e+03
8.441000000000000000e+03
8.446000000000000000e+03
8.452000000000000000e+03
8.454000000000000000e+03
8.460000000000000000e+03
8.466000000000000000e+03
8.469000000000000000e+03
8.474000000000000000e+03
8.476000000000000000e+03
8.479000000000000000e+03
8.480000000000000000e+03
8.483000000000000000e+03
8.488000000000000000e+03
8.490000000000000000e+03
8.492000000000000000e+03
8.495000000000000000e+03
8.502000000000000000e+03
8.506000000000000000e+03
8.512000000000000000e+03
8.520000000000000000e+03
8.526000000000000000e+03
8.532000000000000000e+03
8.533000000000000000e+03
8.534000000000000000e+03
8.536000000000000000e+03
8.540000000000000000e+03
8.543000000000000000e+03
8.546000000000000000e+03
8.547000000000000000e+03
8.549000000000000000e+03
8.552000000000000000e+03
8.553000000000000000e+03
8.556000000000000000e+03
8.558000000000000000e+03
8.559000000000000000e+03
8.576000000000000000e+03
8.578000000000000000e+03
8.579000000000000000e+03
8.583000000000000000e+03
8.584000000000000000e+03
8.588000000000000000e+03
8.591000000000000000e+03
8.593000000000000000e+03
8.596000000000000000e+03
8.598000000000000000e+03
8.601000000000000000e+03
8.604000000000000000e+03
8.605000000000000000e+03
8.607000000000000000e+03
8.611000000000000000e+03
8.614000000000000000e+03
8.616000000000000000e+03
8.617000000000000000e+03
8.624000000000000000e+03
8.625000000000000000e+03
8.628000000000000000e+03
8.640000000000000000e+03
8.644000000000000000e+03
8.647000000000000000e+03
8.648000000000000000e+03
8.651000000000000000e+03
8.664000000000000000e+03
8.665000000000000000e+03
8.667000000000000000e+03
8.673000000000000000e+03
8.675000000000000000e+03
8.676000000000000000e+03
8.677000000000000000e+03
8.691000000000000000e+03
8.694000000000000000e+03
8.696000000000000000e+03
8.698000000000000000e+03
8.699000000000000000e+03
8.701000000000000000e+03
8.702000000000000000e+03
8.708000000000000000e+03
8.709000000000000000e+03
8.717000000000000000e+03
8.719000000000000000e+03
8.720000000000000000e+03
8.722000000000000000e+03
8.735000000000000000e+03
8.736000000000000000e+03
8.746000000000000000e+03
8.748000000000000000e+03
8.761000000000000000e+03
8.763000000000000000e+03
8.767000000000000000e+03
8.770000000000000000e+03
8.775000000000000000e+03
8.777000000000000000e+03
8.782000000000000000e+03
8.783000000000000000e+03
8.785000000000000000e+03
8.788000000000000000e+03
8.790000000000000000e+03
8.792000000000000000e+03
8.794000000000000000e+03
8.797000000000000000e+03
8.799000000000000000e+03
8.806000000000000000e+03
8.809000000000000000e+03
8.812000000000000000e+03
8.826000000000000000e+03
8.832000000000000000e+03
8.842000000000000000e+03
8.843000000000000000e+03
8.845000000000000000e+03
8.848000000000000000e+03
8.852000000000000000e+03
8.854000000000000000e+03
8.861000000000000000e+03
8.864000000000000000e+03
8.867000000000000000e+03
8.875000000000000000e+03
8.878000000000000000e+03
8.879000000000000000e+03
8.886000000000000000e+03
8.891000000000000000e+03
8.892000000000000000e+03
8.902000000000000000e+03
8.907000000000000000e+03
8.912000000000000000e+03
8.914000000000000000e+03
8.917000000000000000e+03
8.918000000000000000e+03
8.923000000000000000e+03
8.933000000000000000e+03
8.935000000000000000e+03
8.939000000000000000e+03
8.943000000000000000e+03
8.944000000000000000e+03
8.945000000000000000e+03
8.946000000000000000e+03
8.954000000000000000e+03
8.957000000000000000e+03
8.966000000000000000e+03
8.970000000000000000e+03
8.971000000000000000e+03
8.972000000000000000e+03
8.973000000000000000e+03
8.974000000000000000e+03
8.977000000000000000e+03
8.980000000000000000e+03
8.983000000000000000e+03
8.994000000000000000e+03
8.996000000000000000e+03
8.999000000000000000e+03
