4.169695
8.595310
8.764957
2.904020
7.911692
11.610841
10.624088
8.483274
10.063921
10.413119
6.124241
9.407139
13.095125
3.318092
4.776599
2.575677
5.124935
11.335872
2.757176
5.820990
13.674862
10.878288
5.910667
8.626996
2.317451
8.725783
5.942585
11.846318
8.897022
5.166417
20.843072
12.625914
11.728778
2.754532
5.631201
9.639081
9.047231
8.277695
10.049605
3.661069
5.830899
12.002932
7.275785
8.708667
13.581868
19.790898
7.543783
5.511528
4.099404
11.683462
6.091567
9.915141
7.460640
12.553260
8.486724
8.529642
7.846144
9.643036
3.140028
8.622856
2.341049
4.835423
12.236063
4.831484
7.770131
6.590170
4.034228
7.011775
5.636377
7.698646
8.787931
8.685636
4.321986
13.282782
4.212436
9.235180
6.465646
4.827342
5.868547
16.253576
8.815855
6.740419
10.477837
5.311592
5.206422
6.163411
11.596510
9.297370
6.037985
12.112054
5.865587
11.688757
6.997720
7.050981
13.365571
5.978521
10.526640
2.338949
5.455966
9.106429
11.840578
4.935567
3.565054
2.846112
10.873846
3.761516
5.918501
6.902300
16.148595
10.932336
14.689635
14.214461
6.286847
3.358098
1.858019
16.947179
8.272153
18.491640
2.780783
12.570196
6.007568
8.180910
10.178440
7.267846
7.387360
2.524545
9.467615
5.629862
1.962356
0.603748
14.287079
6.998884
5.660563
2.384707
16.256248
3.261400
5.542460
5.011058
1.905537
6.305267
10.970264
10.732816
11.478337
4.105277
11.862467
9.900065
6.460447
9.043008
3.896000
10.942278
5.016386
8.712060
6.619834
10.345769
4.976473
19.204008
9.490600
4.188693
4.376554
7.220759
10.000825
17.450224
6.725808
6.144763
7.142688
9.067151
3.007690
13.140419
5.223708
6.587726
11.350910
7.127648
6.717722
5.290631
10.184953
19.603824
14.141142
5.345641
13.141047
1.760893
3.330795
8.539331
3.892704
5.957065
6.846084
5.212462
5.204273
15.812986
9.711294
3.073641
8.572796
5.869264
8.597003
2.718871
2.176776
3.464715
6.370514
2.576688
2.836971
5.578460
5.765527
6.460249
9.143905
6.206122
4.065320
7.539707
8.839305
8.214533
14.070757
7.235960
2.439525
10.880898
3.429814
19.252767
9.058280
4.874106
9.254040
5.774482
6.530033
12.154900
6.019754
11.307750
5.852664
6.546584
9.516469
2.859081
9.509728
13.000800
12.101144
6.308742
7.508819
3.700636
5.223446
14.530374
3.428204
4.874432
10.494153
2.101854
3.525445
8.402936
3.318721
18.592592
3.245539
11.698233
5.529298
8.609552
9.923268
5.197244
6.602371
20.952916
4.354129
5.552575
4.425419
10.454167
8.595842
8.410405
9.332324
6.431040
6.189120
6.951524
9.718542
8.471726
5.075917
2.193174
8.147892
9.282902
8.414820
4.113890
10.466274
4.077783
6.616868
10.379821
2.097427
11.390708
4.901647
5.947960
1.853224
4.438324
5.098244
6.959409
17.205192
10.563647
4.316434
14.356354
7.104881
10.777077
5.139425
9.614564
5.422886
13.265111
9.827139
8.062415
4.594991
4.978969
2.762445
7.902737
3.655206
5.699505
3.404643
6.588673
14.466186
5.246892
4.160726
8.826924
3.128126
10.733252
10.871955
4.589600
5.969430
6.015392
1.861238
13.517118
4.019576
13.316687
4.687933
4.721669
6.875181
5.652163
9.586338
10.885862
1.976878
13.776376
6.246290
12.198210
13.038877
7.366800
10.089415
10.266524
10.993254
6.011866
8.273769
12.707066
6.047989
2.594425
14.460999
17.331602
5.217664
5.439396
6.245430
6.856526
4.568847
6.013174
10.802460
7.957435
4.907476
8.880829
9.008439
11.458465
11.538038
4.265076
4.618038
4.769913
14.446560
5.420633
10.159015
6.877280
3.457720
6.935921
5.452154
8.956120
5.247298
10.098920
3.334506
8.796007
2.098186
18.922830
9.829162
2.736413
4.320819
5.456180
7.921609
6.264315
9.527483
4.007275
7.983560
5.196435
2.922536
4.501745
10.626462
8.802969
13.190523
6.662903
3.471648
9.267024
10.124845
5.598670
7.496706
8.023459
8.050939
13.554389
6.127812
12.744129
2.254674
6.787695
3.481866
3.142390
14.377208
7.049430
10.708470
4.866439
4.619386
9.161435
8.795566
2.511610
14.348764
4.587152
1.147201
5.649987
8.034240
6.219850
13.049825
9.091656
5.218170
4.937044
3.271881
8.346400
2.325985
6.630301
6.499940
10.328925
9.392988
8.602872
5.557600
6.680694
7.425026
6.354157
21.726937
6.291903
8.930500
7.712279
6.909578
5.938428
6.748265
0.434572
17.476560
2.034427
10.797033
6.687120
9.830791
9.354008
7.242659
6.733084
6.316980
3.911615
11.255447
7.363783
11.518658
6.598304
6.773696
5.483479
8.226538
12.792462
4.253446
20.306408
15.596752
14.478573
5.492213
7.481052
6.638969
2.725399
5.065105
6.460058
6.173580
9.089471
8.107998
8.513634
6.699071
3.660424
17.097222
12.285207
8.939856
4.736814
13.644766
8.279058
4.206046
9.127140
10.095706
9.723478
10.585842
13.448280
6.457638
10.520069
6.651978
7.991689
6.223694
7.547761
10.444679
8.270361
15.424691
8.585223
10.904627
2.095167
9.894196
7.780950
8.708903
4.662534
6.089524
5.903298
7.641041
7.136759
4.504101
13.922810
4.639227
5.361198
8.073625
4.272786
12.352175
9.673965
2.763955
11.588092
13.449358
8.325667
12.630999
5.906272
5.329562
10.450807
6.111160
4.810480
15.725797
5.935737
11.139598
1.844808
12.515158
7.780199
9.044193
7.546406
11.716566
3.766384
4.485022
1.776966
8.144264
13.658412
4.854241
9.309480
9.584206
8.975362
4.238028
12.977795
11.337047
9.119122
3.230356
3.423730
10.320471
3.916839
4.486811
9.069728
10.768248
16.686394
5.798622
7.509970
9.879720
6.337846
6.740666
10.419160
9.069012
7.069891
4.686258
8.314573
7.295825
9.062617
5.485786
14.340814
9.948337
7.044369
13.943042
6.622293
13.911751
3.115092
6.923058
5.966611
7.442021
8.749067
9.943306
6.812301
2.638012
4.664748
5.822140
4.973085
12.202415
12.516587
7.101675
8.034408
5.568433
9.183297
5.770470
6.024295
5.496777
9.028223
9.316087
8.368795
21.333445
10.698673
11.715020
14.205962
2.947635
9.997027
3.836068
7.573119
16.353258
5.603690
8.065459
10.920739
5.531028
8.002331
2.826293
20.577974
7.810955
11.557053
2.101394
7.292459
8.070388
8.576753
18.405822
18.060542
6.876480
5.780152
10.799206
11.605234
3.547157
4.450991
2.747395
20.892163
10.293594
2.250364
3.732748
9.246298
5.670688
1.941053
7.492072
2.146034
7.906153
19.353317
9.402112
2.228042
9.739277
12.884765
21.172125
3.530256
12.326047
11.899295
14.442057
10.419098
11.293695
7.577347
11.787765
16.159630
4.401980
6.612785
3.787508
7.481611
4.834091
8.370128
4.092807
10.657787
10.494271
4.170715
16.022737
11.603251
13.822475
5.486121
8.637474
4.592658
4.694534
9.728638
3.798380
7.057942
10.371308
5.951188
8.261790
7.643110
3.062518
4.427567
2.692634
10.011157
5.177690
8.058036
9.237388
5.072856
8.595604
10.781983
18.506544
7.344055
6.152251
5.060016
3.880933
7.516412
8.298456
15.214107
7.755234
4.685975
15.660237
16.049249
5.832884
7.674056
9.603164
13.014364
13.023910
6.310468
8.993896
6.678737
4.321951
7.449504
6.934334
2.776526
6.476945
10.314699
19.894297
5.010170
8.103029
0.727893
4.140707
9.041620
6.247667
14.618495
8.467377
7.156293
5.423768
8.284082
3.338007
4.569462
7.709655
7.010836
3.337057
7.074404
8.331103
4.564121
3.810805
14.913961
12.652253
10.938325
9.314834
4.012988
3.321213
11.919568
9.469738
0.922670
5.964274
6.179595
6.558541
11.376169
9.282177
5.450999
4.796837
3.236551
8.632054
6.510403
8.063803
8.596921
5.415378
5.723575
9.693996
6.935733
9.022236
6.130501
16.155094
5.689039
10.966044
4.404662
13.136777
1.312481
4.900441
6.987218
11.066235
3.932728
7.763429
6.322727
7.757153
7.986080
2.632885
8.674463
3.055047
10.655563
7.313683
3.795166
8.146647
2.885121
7.256194
5.419307
5.115287
9.068887
9.921024
5.971746
12.607504
15.427482
5.770724
7.678648
3.223062
6.339678
8.841753
12.516119
5.236044
6.369657
8.687556
5.792931
6.474220
6.921423
10.157559
9.355649
6.336346
12.001300
3.800904
10.123499
23.021782
13.457866
8.715256
11.410154
6.545612
9.186305
2.394645
6.951524
5.190153
9.282122
11.657897
3.949448
7.356387
6.972864
17.601404
2.260755
4.050204
9.620147
14.628191
3.311478
6.630689
9.344195
11.800685
3.716044
7.153502
10.027031
17.830767
8.634020
12.127076
8.042744
10.468432
5.293510
4.793456
15.010707
9.038624
3.963281
4.235253
7.044528
5.561346
3.714971
9.254488
8.541577
7.789306
8.179386
5.519120
17.061088
15.130437
3.903988
9.943131
6.205226
5.991351
14.175073
18.892353
5.607548
11.459080
17.214860
11.061084
13.177273
7.331771
8.473358
11.731244
7.068273
5.825928
7.780122
6.249488
9.640408
13.954125
10.014606
6.290193
6.869551
16.226856
8.205995
7.508526
9.393659
6.218588
9.151023
5.203746
2.078570
9.874911
4.704455
6.795608
8.300397
12.202336
12.281970
7.309852
3.206095
3.920581
17.653156
9.352791
17.334778
5.914343
16.601232
5.995799
7.606660
6.682100
9.094323
3.104549
5.705767
5.257072
10.187750
3.018660
4.029490
3.630427
1.706300
3.092884
12.891316
14.524739
8.394751
4.558529
10.315168
2.465341
11.748416
7.557203
6.907847
2.965320
5.313110
2.784776
6.458945
5.161764
12.064238
10.745846
7.751431
4.093613
14.848408
9.359254
8.035932
2.899366
9.069500
10.189110
6.351988
7.068471
12.399931
7.422955
3.730027
9.035801
5.818453
10.622286
2.309795
7.380379
6.066086
8.517631
4.346732
18.970006
7.453846
7.242770
8.114495
16.972832
9.049601
5.575844
10.620653
7.323963
14.506687
6.510596
10.747886
9.974810
9.510126
6.078024
12.518145
12.250634
9.469566
7.531286
6.287651
8.089560
12.584672
12.355403
9.760442
7.949801
5.519716
4.586670
8.244963
4.122544
13.851001
3.588938
7.046478
12.010502
6.315521
3.859771
4.289470
3.053916
7.340250
5.429508
6.822765
9.766160
14.997760
2.261026
7.797060
9.036514
5.661811
12.171189
4.693285
14.804018
7.879098
9.579184
4.948398
9.141023
7.016708
8.234012
22.414583
9.351539
7.855206
6.380953
5.165917
12.436062
7.886257
7.875909
7.143847
4.354505
7.369697
22.743015
6.500072
11.631267
3.500368
4.519358
3.965712
13.537750
12.135704
16.698936
8.770232
9.865199
10.676832
3.597129
11.899390
7.571059
3.528697
5.666621
9.223203
10.018385
3.919601
5.030918
13.545405
1.223229
12.611484
5.269455
4.446911
9.347790
6.827941
11.705274
9.230007
6.145644
3.555185
8.144535
5.007090
9.737056
7.622170
28.001305
9.993298
2.643335
8.033142
6.110902
7.256340
6.382462
7.273056
17.253520
9.375002
11.565668
6.417258
9.427284
11.393398
12.858441
5.665229
7.087341
7.322295
4.010217
15.628920
5.374842
5.075526
8.679746
5.549722
6.513894
10.120874
7.525997
10.561666
3.207376
7.067014
5.811303
7.783579
2.585370
12.636148
13.483540
14.254972
10.698215
8.073146
13.647333
11.482139
10.712007
18.438102
8.007955
8.276084
13.163595
4.888811
6.176350
4.822776
5.607257
10.692907
10.478005
7.315829
11.018786
7.344485
11.581450
22.844190
8.208631
7.903622
9.818251
3.319001
8.965869
6.982820
9.350119
11.636565
5.688203
5.428974
16.769392
10.202680
5.472677
4.287558
9.014601
7.945429
3.433520
4.109030
3.239104
2.960818
8.346753
10.974522
11.083079
11.495610
8.838400
4.495841
4.191448
9.870935
16.745764
2.858574
8.212882
3.381863
0.899914
1.416100
12.208641
15.336453
6.916083
2.785914
6.135167
8.381522
6.186895
4.695370
7.906067
8.820302
3.445316
7.163699
8.689251
5.484563
2.063945
6.411366
9.203805
6.081021
7.133962
2.619035
3.285094
4.389400
5.165256
14.610291
9.063125
5.855901
4.338294
3.522672
11.971546
1.832013
7.680314
5.879232
6.081428
4.979369
8.326058
11.206022
4.780046
7.217773
8.442570
15.051317
3.009838
3.071008
5.466526
2.523498
5.165312
3.916264
6.154426
8.775560
14.231030
5.982385
3.637799
7.246007
7.892029
13.585330
9.678371
3.629996
12.149981
6.515727
4.235346
6.555099
15.752147
3.291947
3.012940
10.011062
10.814222
6.030368
2.840911
7.793736
6.538726
5.578298
6.493106
7.251636
12.431907
9.163460
7.461202
11.383452
5.742454
5.320993
9.690718
5.210259
7.068776
8.945748
6.369252
6.097202
5.387199
8.342507
9.135392
6.446611
9.228180
4.640658
11.332124
4.535035
5.800061
5.133288
8.830417
5.625678
3.726536
5.913455
9.721699
4.976179
2.442009
3.844789
12.156704
8.882054
15.113154
9.974751
6.371153
10.894521
7.828694
8.784794
13.861530
9.623109
1.955875
19.900979
8.752292
7.127338
11.023562
9.264552
1.180149
6.970394
12.022821
10.170684
2.958830
6.480376
7.942787
4.943615
6.778201
9.951317
6.808035
6.542303
4.460981
4.608459
21.496791
4.665570
2.099392
9.518045
3.278210
3.452266
7.755859
7.745984
5.173184
14.543776
8.168483
8.918486
7.337686
10.690889
5.155818
10.164279
5.661419
6.847879
17.043232
10.760573
7.783528
9.486554
6.585870
7.153683
11.958685
9.235444
11.818306
9.323195
9.454247
5.489921
6.459523
3.781031
3.874758
6.922275
5.320895
6.926560
9.780852
1.602646
5.781081
7.428692
17.824922
12.113877
10.667668
4.704629
5.665176
8.717867
2.633841
8.342443
7.055880
6.929217
13.613747
4.056321
7.419516
6.660297
17.300322
8.014969
8.284274
14.987137
15.354066
5.931013
5.761220
8.891438
8.008630
11.761431
11.497759
10.631724
5.438364
8.229225
5.191261
5.472732
14.684282
9.695695
7.854162
6.282596
6.650390
11.032824
11.435644
10.384972
7.595357
9.227497
7.031315
8.520674
12.783084
5.859692
6.833317
7.883488
8.539169
3.949435
21.392673
7.959611
10.992994
9.894536
10.119076
9.425462
7.654336
9.658085
5.971098
7.906483
3.079527
8.573985
5.040121
11.265299
9.590217
15.036467
6.001092
4.522379
10.162818
12.173441
10.760785
8.171714
11.307941
11.025073
7.605958
9.331054
5.054804
6.664737
9.978752
4.645557
4.366035
12.248485
3.237819
22.093552
11.184480
4.068753
11.593614
6.683021
7.290520
16.869354
1.787578
8.871771
8.728130
7.557795
7.931952
2.497217
4.720944
12.997337
4.472090
6.773890
6.593159
6.742149
2.994387
12.919782
5.061417
3.607117
5.080140
6.679044
7.367233
6.517751
9.644982
4.825226
11.327741
1.750073
7.540432
6.926878
5.423211
5.714502
5.945901
10.170276
11.871732
5.173483
10.130701
9.249798
13.674123
3.832632
17.777621
2.842648
15.082311
8.778736
1.278897
16.889586
11.867372
10.626288
8.449064
5.917875
9.372707
7.645854
6.112457
6.679623
5.257864
4.987640
5.592108
11.596942
10.605514
10.502399
4.279936
10.604133
6.144034
4.989648
7.094101
9.021091
16.980460
10.576472
6.999765
9.397426
5.739515
4.246972
8.055160
11.642232
3.037475
5.237743
4.919951
5.743745
7.318308
8.776340
2.829414
16.092020
6.652586
6.529926
4.153400
10.591923
5.846150
3.639186
5.890023
8.784925
6.205824
4.516362
3.226738
0.650786
8.463852
4.729887
9.694055
3.312010
8.350291
1.914647
11.481278
7.914150
4.164410
4.120675
5.385423
4.545700
8.568368
8.507752
8.374523
8.448770
8.533860
6.887585
13.114137
14.834919
6.670706
4.350093
8.146969
3.338214
2.449494
7.708950
7.225188
6.708598
11.460943
6.844300
10.421079
4.177591
10.213077
5.415958
3.441020
8.441065
12.344048
3.765433
5.453897
3.455707
8.206011
3.593348
4.997939
11.217926
8.570465
5.670732
5.614949
12.479714
2.153886
0.979840
10.053854
9.495654
7.507924
3.232032
3.027958
14.432211
4.475533
7.884226
4.749536
13.703019
4.241091
4.970784
8.785238
10.965730
6.721470
12.971985
7.541414
9.145283
9.840995
3.298748
10.963393
7.044164
6.649576
8.179484
4.244827
7.662541
10.986537
12.353210
3.442339
11.157334
7.738691
7.615776
10.332037
8.857268
6.865578
11.673235
11.593263
10.314542
3.066350
6.174906
4.003192
4.439124
12.510968
3.519284
9.300225
3.444224
10.298514
8.037224
7.605187
11.358694
15.609230
7.868489
3.412555
4.612414
7.624760
8.976967
10.348107
7.526141
22.089712
11.659777
9.153349
4.829350
8.958246
8.761510
2.952083
10.466561
15.211684
9.915289
7.801601
10.236093
16.186957
7.230071
5.839321
5.326488
4.254153
7.230215
7.324509
8.746489
5.136753
9.647435
3.999005
3.886513
6.898622
14.486879
4.173102
6.962407
8.541946
5.406524
5.483430
2.202354
7.368346
7.470774
11.918559
8.825855
9.237500
1.611975
4.602047
2.886206
7.638724
4.861906
10.724488
6.918847
8.606031
4.068081
6.127947
8.167199
11.396786
3.591466
14.539363
7.615461
13.468866
3.986053
6.943552
7.308523
3.686625
4.888664
9.484062
10.538395
8.599713
13.659117
10.071589
10.874138
15.700827
12.851777
21.368365
4.221794
16.119845
6.298305
18.012244
5.991319
13.235132
15.744547
8.143163
8.076427
5.054830
13.622348
3.558169
4.671020
5.586801
4.429099
4.989295
4.484684
6.765070
3.193108
13.640314
8.125128
11.851779
5.945022
4.232750
9.447201
11.828140
5.964237
5.513668
6.447994
4.152935
11.658829
6.288528
7.597116
8.420813
5.774179
5.133031
2.946676
7.441109
3.587917
4.491295
11.592853
4.223493
10.741689
5.954903
7.091725
7.970026
4.390697
4.256964
5.492674
13.454189
6.839778
7.640380
9.602335
4.209643
12.572933
5.997030
9.249425
6.557126
9.061060
8.658505
8.234430
12.374015
5.033433
8.687958
22.683410
1.694857
3.574487
4.167549
10.147340
11.482426
4.154033
10.165180
3.798416
4.028297
4.353665
2.854008
2.252468
6.713233
9.872380
5.820650
8.175494
6.617998
1.509566
7.094780
4.959567
9.562955
14.734273
3.857251
13.437772
14.705082
3.407509
11.432621
6.553182
3.536278
9.328854
8.905098
5.605095
7.247550
4.595448
9.887513
1.920349
6.841199
5.758634
6.659587
6.291443
5.617819
9.285121
15.263769
11.055791
3.374574
12.789779
6.859318
5.243451
9.135291
11.984104
8.521259
7.315125
1.718059
8.570760
9.921678
15.985046
4.386525
8.618677
16.349562
5.508351
5.672206
4.831202
5.172797
3.478116
4.855652
11.381966
19.744119
9.416225
3.776170
5.202981
5.971414
11.440545
5.334682
4.159467
10.476305
6.416204
5.748397
4.999271
7.581805
4.094288
7.952411
5.033867
10.147766
10.699957
8.764205
5.473720
3.596863
11.544751
2.840662
6.141589
6.462995
9.593786
3.415703
3.982350
15.782123
10.124079
4.426092
5.054279
5.653525
10.492011
8.671925
5.183788
8.211237
13.411022
3.192699
7.942513
3.581467
6.597025
5.523365
4.901842
12.769933
13.651454
12.534260
7.125885
5.147544
8.744873
5.070851
5.907281
12.738195
8.970222
5.741586
8.127971
4.193033
5.316546
7.298726
10.899648
4.239892
10.259590
8.883672
12.254401
6.614349
6.332516
8.183225
18.699309
5.908661
7.302869
11.778007
0.544015
9.376704
4.032658
4.229943
6.038664
11.757918
3.084782
4.653569
14.714101
10.818144
5.321465
9.138790
7.811783
9.069674
9.756043
9.856896
7.359108
10.616652
6.232444
7.181706
10.316146
7.510770
2.942091
4.534843
6.383922
6.967916
10.728629
6.737744
4.495193
2.005616
12.977918
9.507264
3.966243
6.617716
7.405383
5.111887
3.808643
9.770134
8.944825
13.262606
8.925961
5.704993
9.373390
6.585211
5.780942
10.234042
10.798709
5.045864
2.328264
3.879037
6.719161
8.815244
6.507401
5.375107
10.703353
6.691747
10.579286
3.839597
9.249406
5.689519
17.705507
5.641271
12.875881
20.729629
5.801854
1.927507
12.736234
4.389519
5.157124
4.157799
6.105676
10.972708
1.208747
6.875325
4.300255
12.038402
16.174406
4.288499
9.618060
4.828652
11.377078
8.490542
9.445530
5.592461
7.267288
3.611536
16.227269
12.304099
1.489527
10.933035
11.689624
13.427997
7.267963
15.568858
9.789251
4.424341
9.827457
9.344355
9.093530
14.797647
4.603935
5.402017
3.643387
9.163201
6.483488
6.163218
8.384175
4.084121
14.063983
4.420413
12.596398
5.721915
7.642896
4.095184
4.624887
11.104668
11.257316
8.051655
13.041832
2.475149
6.981582
12.726548
3.629585
3.562303
4.443667
6.840540
9.811054
11.374124
8.903092
3.717935
4.440611
17.234249
2.658958
3.442761
8.005835
10.317723
11.292876
6.002701
16.682199
13.082645
19.815070
4.445103
12.303729
8.800674
8.143481
12.717006
8.043461
5.478875
7.703470
10.136013
7.052892
7.432335
7.303622
6.254888
6.176310
4.180361
1.441964
6.750621
7.051315
8.661730
11.895524
7.967294
6.604844
10.048958
4.645467
4.556166
9.365281
17.305874
9.794315
9.287466
6.749522
9.533856
7.531811
5.322298
7.076244
18.298752
10.917120
8.042035
11.113981
17.167445
1.465744
9.021267
17.057893
9.449467
9.692080
5.714597
2.435359
4.580361
4.452740
12.563415
7.394140
7.380777
7.383719
5.472933
5.728563
8.148192
7.910898
1.925204
3.941899
2.414882
4.681570
7.580397
4.317330
20.700255
12.377616
7.075644
5.891737
6.971721
4.722937
3.472488
11.660994
7.268512
15.195900
4.883697
9.613121
4.274136
7.213307
7.752122
5.049327
10.002578
8.915997
4.049036
6.542589
8.201408
5.342903
1.907960
16.547660
12.413655
4.118060
4.364465
3.425551
8.907548
7.506069
8.987663
9.052203
5.246905
7.122873
9.080817
15.037885
9.214699
4.136324
4.092424
3.840395
7.843050
4.302463
8.855961
18.324453
8.270453
10.836613
11.042109
7.019800
7.106165
29.826389
3.691175
6.453867
4.663144
5.222435
2.375366
7.595677
13.322911
10.205811
11.551668
6.926117
9.209948
4.413224
7.026510
13.113627
7.998931
2.335145
4.340826
4.508588
13.472953
21.153557
12.273952
12.238190
5.763503
4.993605
5.037713
11.341287
13.999291
11.264218
4.314926
1.633828
5.220824
3.783492
4.153940
2.588309
6.444501
6.510150
2.894775
7.542385
3.277927
9.171496
6.865195
11.578184
8.526593
6.761510
8.674719
12.897589
4.823122
8.556778
9.327518
5.436495
8.751543
15.608435
13.155948
11.098699
7.552078
9.738040
9.913266
10.060602
3.955129
10.404254
4.368887
4.965272
7.125221
11.297430
1.939609
9.856150
4.109842
2.285026
5.103841
11.772171
6.086195
11.308579
14.217869
2.161621
12.694096
6.501868
9.431484
17.265906
8.854846
12.445715
17.199685
7.343500
5.574339
6.294966
4.931590
4.903155
11.926830
11.309988
14.049405
9.394220
7.791756
4.722551
8.040799
7.160827
8.422115
5.559587
8.280451
9.425920
6.314073
6.952440
8.395226
3.529125
6.518741
7.561551
7.172693
14.948553
10.061020
1.665308
4.276607
8.566841
5.530528
2.158033
5.809509
3.631822
12.080714
13.516445
8.009775
10.202802
7.389476
4.834991
7.784848
4.734928
8.691894
15.250711
10.690448
8.376085
3.069566
6.322014
8.886258
8.296658
4.944705
4.106999
2.983046
3.649542
11.161246
10.679642
9.737097
3.267020
9.530653
10.819154
4.412704
7.209363
10.179370
9.808273
18.925526
10.500333
9.557109
7.281988
7.443296
3.046925
5.336740
14.531876
8.894194
21.743837
2.624686
3.543109
4.276459
5.028363
2.385485
11.231850
7.379479
5.863132
1.769626
3.834019
2.097633
8.247173
13.975501
9.369570
7.146174
15.051076
16.256417
6.204403
10.872387
3.529187
11.062575
2.680619
7.406509
10.394639
4.392387
10.867490
3.120828
7.720108
7.398749
5.572867
6.705303
10.040119
4.375926
5.109291
5.305246
7.808240
6.289338
9.615319
2.826015
15.490170
12.642244
11.621945
5.367913
25.684413
9.987380
21.705237
6.278578
5.505618
4.759793
14.362461
7.283651
9.414828
9.551511
5.230720
8.558800
5.175855
5.814943
10.343064
3.458977
6.193476
12.259515
3.587608
9.541578
5.554344
11.876787
10.829144
11.110870
4.595105
2.901020
3.427479
2.825974
5.741696
10.912909
13.193617
3.619407
2.645007
5.997244
12.985606
5.584544
17.639660
4.718507
1.392520
9.124159
5.908973
5.910307
7.115019
3.721811
7.609061
7.204458
4.601722
8.446614
4.209930
8.744981
5.703437
2.604705
7.155586
5.570012
7.348352
14.696114
5.875159
12.446965
7.881947
7.082402
7.578531
5.784129
5.842427
20.660560
3.856051
10.134648
8.571384
11.122093
7.989575
11.881313
5.858120
6.569728
10.665251
4.672318
6.111059
4.338674
14.811288
8.689229
3.911214
4.336603
14.679311
5.465950
7.435787
4.249511
6.676870
6.038265
3.651640
7.342615
5.968041
14.402222
12.632446
12.931509
3.385610
4.728706
2.797040
11.159237
8.602082
2.551176
10.274740
10.323565
11.258025
16.393943
8.835561
2.813997
12.529692
8.522377
10.398499
14.900921
7.602343
10.218197
9.218972
8.862958
12.639055
7.416609
2.549027
3.778864
9.020795
12.374541
6.953695
7.221387
7.742865
10.382781
3.641900
3.309003
4.980044
7.430528
3.867506
10.756097
7.358777
2.999922
7.216574
8.000749
9.085274
6.106374
3.251319
3.866385
3.480611
5.423584
13.495343
7.227097
15.395649
4.633849
10.592157
2.999011
16.025551
4.910167
9.186887
10.242206
4.075113
4.244563
7.383926
6.876290
6.795831
11.952149
2.323760
10.512917
6.956240
8.465812
14.844571
18.820431
7.018572
3.645939
13.720520
7.273958
3.589955
5.384672
10.015974
8.349063
4.732647
3.764227
3.977652
13.990892
6.570231
13.071293
6.225785
8.127300
17.543628
6.299955
12.046376
10.864605
11.743868
4.693950
7.088925
17.779853
14.449847
6.746195
5.878079
2.407798
12.640014
5.023622
4.493994
6.238503
6.028646
11.109968
9.113001
11.101530
10.949683
14.271928
15.407813
3.099637
8.511379
17.789931
3.748464
6.538998
5.122052
3.120781
21.303367
5.461079
4.697627
5.696269
8.001592
10.671913
4.677041
4.304157
5.050526
10.331697
5.776779
2.650259
5.967740
8.217838
6.626504
10.312955
6.978010
5.589291
3.944224
7.030818
3.953068
4.782912
11.857329
5.054875
9.772774
11.543449
4.842324
4.502601
14.293286
4.159058
12.991183
5.262307
7.264008
10.258935
6.101285
9.413702
4.293598
4.108893
14.414958
4.656021
3.588360
5.536009
9.064980
7.630395
5.952838
14.861834
11.457260
5.597786
14.708123
5.101454
5.803567
1.262884
16.789944
4.609240
6.164443
5.351861
6.660143
7.806578
7.982252
7.069436
13.476910
14.399881
3.566572
10.925385
6.038641
8.267572
13.060860
11.987463
5.310738
7.631138
2.139907
3.453829
7.221775
5.005653
1.649041
4.622211
8.897485
7.953103
10.382112
9.412718
10.536899
8.297414
5.600291
12.937744
6.162355
8.385224
3.646595
9.644072
7.705362
5.763050
13.904540
6.473981
5.848216
13.584573
16.579074
3.700601
2.869343
4.134561
4.444680
7.061657
4.752509
4.061753
9.524853
9.985877
4.063882
5.991879
3.708095
8.955409
19.540774
11.987355
10.891197
7.898031
7.880995
6.285320
6.586687
3.384704
6.155371
6.387916
1.466647
10.730089
5.183293
8.603638
11.437556
9.702161
7.835923
5.757025
3.975873
4.178713
2.400860
10.723895
8.291370
2.258624
5.881200
9.875751
4.389949
11.842987
10.438635
10.065296
16.294888
6.071527
6.657261
8.784799
7.755032
6.192501
10.067361
5.463768
3.979028
6.082265
3.346439
12.748444
7.032137
3.821470
9.633687
12.650955
3.603832
5.868650
6.241875
11.413071
3.607527
3.491267
12.589946
5.270442
10.161004
7.854095
6.598248
4.441232
15.736631
2.168043
4.891078
4.726347
8.027145
4.552681
11.799526
3.962032
9.597318
11.184600
9.858052
21.211890
4.007808
8.769514
17.157413
11.622301
15.372374
4.402247
4.843093
3.966922
2.162354
6.234561
8.204010
4.191815
7.284216
3.723359
6.185792
3.488890
6.199324
8.027144
6.366835
10.752870
15.099586
4.334539
8.525696
11.458807
11.817535
8.109551
1.623161
8.547450
1.834208
17.350666
5.579982
6.659967
8.556782
7.615354
11.865701
7.821760
4.600696
3.968827
13.376341
5.072702
3.092727
1.882816
3.986769
9.905759
5.498949
4.585682
9.647919
12.782573
9.710632
18.692809
4.318229
11.015403
7.169495
5.215940
6.336674
9.213357
10.617629
6.713252
4.229460
14.667835
6.362826
3.640257
12.900808
6.164616
8.681135
2.496084
12.676852
14.772387
8.330231
12.206828
12.058467
7.328894
4.069464
4.324479
3.215969
7.214032
12.345754
7.283735
9.540054
3.190231
12.771331
9.384059
3.073941
4.443010
10.483365
4.699957
4.890197
5.004283
11.254746
5.279271
8.648750
13.263894
6.875698
8.491951
7.831153
8.512210
3.240700
6.060452
4.158236
6.547766
8.014304
10.285854
12.884759
6.050198
9.410668
5.881947
5.796094
9.843547
8.342207
4.260777
7.469536
11.286630
6.375540
9.207130
7.497664
10.583779
4.482153
8.752100
17.358849
8.746930
9.841862
2.311572
5.171131
14.296824
7.221008
4.610608
8.143161
5.348445
8.108244
7.137579
8.730662
18.720843
9.908280
6.134564
4.695282
5.047530
9.277483
8.212926
4.408675
3.764839
8.856771
11.083841
13.968629
2.185497
9.442907
6.305726
10.316856
1.001300
14.022323
6.712484
2.784952
4.184677
11.489510
3.003234
2.929943
6.557340
4.048767
4.953273
9.136182
7.093543
10.786401
11.548428
3.821569
14.972152
5.010033
18.808037
3.679269
13.895803
5.089994
7.939116
8.287786
14.518476
3.282788
14.372358
9.747959
5.892359
20.457010
9.450859
5.576908
23.210141
9.622801
4.472804
12.703509
10.571764
9.729800
8.677498
7.311809
4.977518
11.158066
8.742966
8.900805
5.354440
6.003303
8.106618
2.525039
6.696860
11.738674
3.727161
8.967581
14.519527
8.870798
2.942233
5.437314
6.425593
8.312489
10.358526
4.378380
4.408921
3.222526
4.081339
4.958068
9.244816
6.508926
13.996862
2.345574
5.844146
7.751247
5.436819
9.003102
16.880940
6.502871
3.743690
7.273365
8.026857
12.511498
9.101642
9.938986
7.602882
11.032286
16.912124
13.729131
3.164572
7.719058
9.635258
10.512120
3.429061
8.556846
20.569835
15.396645
6.253042
13.253911
6.846821
8.408628
2.182369
5.796100
9.403592
3.868574
7.562113
8.287871
2.986165
8.847252
11.528418
13.934437
15.467023
7.138121
3.376821
5.708691
5.490130
8.098879
15.127178
10.717567
22.467377
9.667073
17.541902
1.113336
1.199461
6.663074
3.274766
11.098187
10.409717
3.103302
6.785166
8.085891
7.553624
4.643362
5.038836
12.117718
11.538423
10.545442
16.065375
7.248329
10.841880
10.384493
3.927663
8.128820
8.251233
9.468395
8.822050
6.414561
3.483633
9.124192
6.709889
7.825873
1.966797
7.100757
4.853695
6.031698
4.198763
9.995643
13.546556
9.900474
3.849350
6.069664
