2.364848
1.989056
2.817711
2.528729
2.714034
2.484325
2.216376
2.501932
1.113469
2.159475
2.450629
1.541531
2.512181
2.855612
1.766525
2.574118
1.396719
2.443397
1.462615
2.153521
2.818598
1.902572
1.535643
1.358624
2.589621
2.841627
2.163644
2.362373
2.432800
2.540740
1.847629
2.029176
1.750556
2.675336
2.432241
1.377331
1.431405
2.051050
2.412711
2.503683
2.093422
2.013372
2.367678
1.014941
1.192180
1.531285
1.063934
1.189344
2.034797
2.686490
1.557175
1.887415
1.768585
2.657085
2.577901
1.208444
2.643912
1.759835
2.934191
1.703283
1.904104
1.290126
2.761218
1.544921
2.836714
1.836607
1.924053
2.959698
2.004979
1.743501
2.728665
1.596247
1.740608
1.512755
1.922786
2.184524
1.468407
1.641168
2.686415
2.467275
2.605635
2.061880
1.182885
1.298641
1.359053
2.248807
2.791350
1.117359
2.087374
1.861894
1.372271
1.630723
2.830383
1.311759
1.316576
1.618328
2.289429
1.383783
2.314436
2.830661
2.872534
2.119743
1.714513
1.410332
1.726573
1.939658
2.699229
1.011179
2.081377
2.271002
1.635548
1.784476
2.166758
1.123298
1.036455
1.321670
1.639375
1.097385
1.345527
2.507768
2.703365
1.328004
1.149527
2.858862
2.158625
2.986018
1.106776
2.599408
2.192125
1.597087
2.304199
2.132529
1.933949
1.799190
2.935456
1.552548
1.879371
2.216039
1.368288
2.055638
2.243861
1.758700
2.584165
1.662610
1.957737
1.693932
2.478744
2.375147
1.160657
1.202316
2.154626
1.459355
1.523881
2.582063
1.354176
1.148642
1.927791
2.440045
2.605520
1.228424
1.926644
1.008022
1.800646
2.055760
1.723746
1.769127
1.375918
1.751493
2.556871
2.281514
1.224607
1.572671
1.998507
2.915518
1.370625
1.772791
1.751423
1.269373
2.216774
1.168347
1.103653
1.363355
2.357045
1.144920
2.990646
1.922182
2.681765
1.187564
1.420890
2.451461
2.492691
1.857073
2.305358
1.576492
1.305770
1.812011
1.922711
1.180320
1.015930
1.074085
1.359583
2.110351
2.599625
2.052799
2.505288
2.460396
1.156387
2.550173
1.225327
1.752053
1.962035
2.632634
2.278840
2.986514
1.383096
1.615891
1.172803
1.012038
2.689946
2.630690
2.845053
1.069333
1.286513
2.943048
2.983595
1.883466
1.855084
1.410310
2.565417
1.693784
1.270041
1.111273
2.334029
2.186958
1.432426
1.047088
1.195279
2.600999
2.912938
1.047823
2.943420
1.372263
2.097755
2.002789
2.479702
2.250128
1.360862
2.021130
2.740219
1.162709
1.448210
1.382298
1.408057
1.189571
1.989220
1.983762
2.508314
2.124475
1.337374
2.818636
2.487796
1.665633
2.889947
2.020013
2.010798
1.619692
2.544717
2.212975
1.637206
1.576491
1.214253
2.173145
1.530818
2.327538
2.498334
2.543623
1.250139
2.488566
2.338777
2.799070
2.858192
2.913894
1.588070
2.921574
1.164296
2.108528
1.605574
2.167970
1.526624
1.707169
1.101491
1.811743
2.918753
2.392460
2.486471
1.358265
1.369651
1.892251
1.845613
1.972704
2.224640
2.779755
1.549741
1.563918
1.175978
1.652284
1.067499
1.259437
2.577038
2.657042
2.020356
1.632046
2.623657
2.394708
2.938309
2.327912
1.262707
2.420710
1.050908
1.271170
1.512895
2.084946
1.555398
1.911600
2.122856
1.372231
1.995224
2.787602
1.067938
2.635976
1.865643
1.163373
2.503321
2.994823
2.773456
2.836812
1.290815
1.736372
1.803517
1.283918
1.437487
1.822643
2.585530
2.357263
1.269858
2.172609
2.895413
2.420552
2.793330
1.804029
2.311984
2.741719
1.085499
2.821919
1.683636
2.980209
1.350736
1.286956
1.808916
1.833576
2.640586
2.646414
2.102816
2.277264
1.499115
1.176673
2.001920
1.995398
1.249990
1.990707
1.150954
2.026166
1.795004
1.414091
1.857820
2.600202
2.766791
2.867560
1.905157
2.076150
1.390834
2.335523
1.153524
1.624868
2.957292
2.392227
2.302071
1.388530
1.926481
2.329515
1.118447
1.337538
1.163208
1.989202
2.577053
1.861981
1.226912
1.901841
2.527886
2.789188
2.023826
2.706327
1.991456
2.973671
1.928646
1.954144
2.720241
1.731784
2.503470
2.582213
1.688425
2.433323
2.275631
2.331365
1.522352
2.124570
2.294038
1.578963
2.168826
2.054212
1.921448
2.528353
1.404073
1.585079
2.056725
2.005973
1.069733
2.632150
2.835551
1.813551
2.516092
1.845235
1.156255
1.394330
1.534191
2.834142
2.654706
2.831017
1.873080
2.352586
1.509532
1.741389
2.224427
2.588341
2.817085
1.701816
2.286287
2.088982
2.442151
2.986801
2.017263
1.181930
2.032067
1.585907
1.480612
2.617846
1.129664
1.462241
1.945716
1.844239
2.884310
1.724680
1.947612
1.191856
2.550849
2.837609
1.943056
2.718460
2.962395
1.381592
2.884799
1.904197
2.794600
1.492243
1.473330
1.639450
1.541142
2.219591
2.662535
1.990053
2.665921
2.608752
2.815501
1.256641
2.923301
2.394234
2.558524
1.222172
1.616664
1.460784
2.373606
2.930888
1.930586
2.509673
2.280653
2.957100
2.858543
2.382753
2.018038
2.126252
2.142864
1.748847
1.395680
1.072696
2.617591
1.216820
2.770413
1.506899
2.037056
2.169775
1.772557
1.366560
2.970670
1.568198
2.853904
1.752410
1.382924
1.677628
2.762648
1.379824
1.880832
1.251706
2.943890
2.469590
1.725577
2.148779
1.783021
1.391806
1.091534
2.336884
1.155816
1.833902
1.144813
2.490165
1.604137
1.597097
2.671677
1.887111
2.063445
1.056459
1.556656
2.938216
2.572726
2.264771
2.517475
1.578253
1.351347
1.226033
2.075001
1.646879
2.766161
2.981468
2.968386
2.935160
2.759492
1.674576
2.689856
2.129873
2.662926
1.751344
2.567770
1.271293
1.305370
1.129849
1.488668
2.643186
2.138248
2.723761
1.556390
1.968262
2.040826
1.680761
1.640021
2.128624
2.651243
2.036809
2.941046
1.630705
1.711479
2.287158
2.578617
1.284061
2.981028
2.060587
2.481480
1.879389
2.639936
1.863209
1.590641
2.252758
1.443636
1.162471
2.933973
2.845640
2.206822
1.947349
2.073242
2.978483
1.326477
1.776654
1.813683
2.407290
1.856895
2.631032
2.780117
2.099117
2.171147
1.853734
1.259082
2.876841
1.018447
2.447985
1.174086
1.546395
2.586192
2.614614
2.025589
2.506634
1.953422
1.421500
1.369563
2.621573
1.027719
2.879770
2.732763
1.129438
2.880790
1.026989
2.573239
2.333051
2.140922
1.807959
2.345302
1.543680
1.603850
2.927672
2.436335
1.320176
2.537102
1.629079
1.761371
2.626713
1.489958
2.488984
1.827075
2.199024
2.136774
2.536062
1.943209
1.732186
2.436987
1.070272
2.643968
1.066734
1.528033
2.020358
1.297380
2.982420
2.555771
2.178598
1.599533
2.779142
2.700757
1.466811
1.356239
2.322228
2.423160
1.220194
1.189945
1.371046
2.407186
2.390699
1.515101
1.199195
1.287196
2.519845
2.353511
1.586576
2.001991
1.665063
2.808725
1.389651
1.014897
2.751841
1.989453
2.674228
2.290367
1.822627
1.081853
1.674100
1.940549
1.770672
2.398384
1.576260
1.945508
2.460082
1.354030
2.105626
1.950482
1.798742
2.415445
2.366385
1.021154
1.222093
2.063799
2.593484
1.328435
2.014134
2.873968
1.994856
1.208081
2.607027
1.720344
1.992357
2.639598
2.949108
1.412512
1.838006
1.322485
1.764973
1.728237
1.820412
2.488473
1.648487
2.268390
1.488579
1.599200
2.667374
2.489743
2.203648
2.021724
1.851428
2.798871
1.953523
2.167216
1.521125
2.675915
1.916325
2.171645
2.781786
1.838779
2.556713
2.471391
2.912714
2.772535
2.622756
2.323062
1.157201
1.907892
2.288983
2.927831
1.311887
1.124151
1.778031
2.428560
1.986153
2.532929
1.961218
1.161312
2.688181
1.449379
2.714339
2.455612
1.120751
2.434424
1.348427
1.289185
2.212161
2.216496
2.192670
2.012726
1.513668
2.380137
2.761819
1.028601
1.393545
1.762816
1.404307
2.648809
2.652014
2.672621
1.643888
2.042150
1.021953
1.911442
2.435124
1.913299
1.142998
1.339254
2.441493
1.332128
1.759882
2.574389
1.022905
2.200638
1.857423
2.962891
1.738691
1.817569
1.377087
1.123611
2.206188
1.256886
1.083161
2.074277
2.879319
2.087385
2.710195
2.093855
2.136584
1.913339
1.774097
1.866052
2.948360
1.575573
2.884547
1.310631
2.036221
2.724571
1.410128
2.125731
2.199570
1.522948
1.424769
1.487347
1.748117
1.403021
2.765625
2.343651
2.925990
2.818794
1.188584
2.115635
2.955167
2.218881
1.083398
1.039783
2.651131
2.438785
1.110433
2.075265
1.223965
1.796831
2.341980
2.453981
2.849433
1.429310
2.174754
1.637363
1.622707
1.957191
2.654599
2.078521
1.799831
2.961122
2.916932
2.125538
1.256683
1.591939
1.856987
2.660687
2.165707
2.073806
2.591376
1.925181
1.122233
1.696438
1.641942
1.905631
2.364515
1.828454
1.236538
2.186959
2.512315
1.108023
1.310232
1.051108
1.832842
2.974288
2.758507
1.335500
2.757058
2.858786
1.817851
2.731417
2.589970
2.377846
1.145219
2.271341
2.980673
1.547210
1.971715
2.631627
1.046121
1.475036
1.663319
2.293287
2.243934
2.660870
2.207521
2.503746
1.591825
1.479770
1.714134
2.501923
1.316427
2.035172
2.756762
1.939087
2.824451
1.784083
2.994898
2.181166
2.064697
1.039364
2.033776
2.487499
2.851977
2.219502
1.739567
1.706615
2.737769
2.451676
1.187293
2.380540
1.657788
1.037702
2.590886
1.186763
2.087489
1.299037
2.544185
2.298794
1.444216
1.025031
2.477609
1.257034
2.698365
2.309313
2.275583
2.785536
1.270742
2.153002
1.003808
2.189186
2.659312
2.548603
1.077380
1.001262
2.537751
2.331525
1.367587
1.860982
1.395991
2.586145
2.517708
1.168182
1.621823
2.865136
1.279503
2.948834
2.065588
1.242356
1.381311
2.180674
2.241557
1.622810
1.274796
2.780662
1.500119
2.631993
1.598371
2.595485
2.401706
2.833928
2.917539
1.417359
2.543082
1.931328
2.568249
2.616698
1.442969
2.165950
1.945188
2.180733
2.274105
1.881144
2.385964
2.274647
1.380330
2.170226
1.103670
2.873686
2.644852
1.219105
1.293498
1.807384
1.066205
2.615163
1.314938
2.688746
1.630859
2.671722
1.230939
2.208215
2.243794
2.334453
1.731475
1.148099
1.552832
1.507443
2.046180
1.047631
2.797095
1.031542
2.973136
1.281042
1.505239
2.596702
2.971517
1.911713
2.136349
2.198224
1.632559
1.907450
1.905180
2.133928
1.146343
2.510807
2.435904
1.099191
1.980878
1.120577
2.080529
1.767656
1.664434
1.482191
1.396547
1.702877
1.629957
1.691650
2.834728
1.306806
2.828515
1.126875
2.317954
1.314099
1.824944
2.371864
1.460343
1.088157
2.723213
2.879837
1.425086
2.635306
1.265731
1.911016
2.123103
2.283839
1.070015
1.355864
1.913837
1.392708
1.256315
1.179937
2.601442
1.428429
2.996148
1.906314
2.157374
2.209799
2.444103
1.617231
1.348235
2.055237
1.942809
1.628689
1.160035
1.475948
2.319981
1.815485
2.857617
2.830921
2.514350
1.075173
1.266873
1.446751
1.126467
1.868078
2.388730
1.015000
1.806630
2.434086
2.829091
2.052609
2.236737
2.119128
1.796786
1.029525
1.778199
1.571293
1.940587
1.660005
1.345395
2.208477
2.257342
1.176979
2.082063
1.575293
2.457953
1.855183
2.215380
2.560222
2.035590
2.914927
2.605175
1.247552
1.108853
2.101095
1.600993
1.915677
1.490081
1.097483
2.923626
2.019064
2.505891
2.381665
1.993324
2.788720
1.117905
2.066275
2.626683
2.649333
1.596500
1.707394
2.363115
1.628419
1.406254
2.013725
1.951700
2.876895
1.766592
2.085754
1.548157
2.788725
1.972254
2.567755
1.850639
1.198860
1.605382
2.445405
2.917701
2.279182
2.517072
2.537377
1.812219
1.341365
1.048712
1.970239
2.393951
2.436309
1.076686
2.291601
2.530120
2.411544
1.874813
1.270787
2.783495
1.698233
2.221329
2.124284
1.363552
1.645976
2.767483
2.111645
1.280174
2.991934
2.128763
1.932649
2.490721
2.132263
1.993015
1.004743
2.802031
1.440316
2.167995
1.125981
1.120720
1.116254
1.724694
1.284930
1.109195
1.118315
2.603675
1.139714
1.784935
1.939806
2.575558
2.104485
2.502645
1.108402
1.426708
1.192421
2.749256
1.294054
1.254786
1.760334
1.901109
1.357785
1.828690
2.719306
1.634000
2.037554
2.922875
2.225213
2.218329
1.726828
1.430766
1.602144
2.944162
2.564258
2.081474
2.204469
2.705102
2.436670
1.615308
1.839069
1.961607
2.782715
2.424539
2.387449
2.945647
1.579718
2.681992
1.685197
1.166220
2.081539
2.445856
1.010206
1.503441
2.005503
2.479029
2.750984
1.997758
1.197867
1.975559
1.115924
1.629420
1.950663
2.237331
2.478448
2.054836
1.624784
2.218306
2.182861
2.792508
2.007574
1.664372
1.843229
1.903638
1.395872
1.896084
1.879454
2.286756
1.755103
2.129934
1.626577
1.525700
2.550651
1.012363
1.795771
1.184044
1.613854
2.911936
2.216178
2.285068
2.976253
1.794110
2.496706
2.576820
1.016575
1.099375
1.383096
2.272409
1.820026
2.651805
1.029172
1.071733
2.288227
2.191042
1.690080
1.922328
2.835113
1.338427
2.744579
2.676186
2.043235
1.901833
2.705305
1.581285
1.208190
2.087657
1.471807
1.375503
1.774993
1.337392
1.724009
1.406304
2.095126
1.996613
2.187658
2.520878
1.718928
2.470903
2.047148
2.141618
1.923253
2.617255
1.416043
1.159563
1.763789
2.778952
2.866398
2.052680
2.039117
1.180285
1.649949
2.041112
2.139987
1.868791
1.354948
2.179891
2.132246
2.990129
1.233520
2.246915
2.504802
1.414679
1.695350
2.251973
2.884024
1.155965
2.373678
1.539116
1.356351
2.743645
1.112973
2.062632
2.894706
2.678344
1.969716
2.884342
1.597519
1.553861
1.296356
2.301239
1.539372
1.451984
1.515867
2.287540
1.112601
2.909438
1.535711
1.949568
2.845585
1.220294
2.207254
2.172419
1.489353
2.770411
1.538801
1.516097
2.052214
1.167631
2.670211
2.266186
1.714126
1.807069
1.439757
2.814847
2.689701
1.282277
1.762554
1.886236
2.215676
1.563981
1.394092
1.267248
1.831625
2.968685
1.011976
2.972443
1.846144
2.792457
1.969904
1.370511
1.976381
2.751824
2.824625
1.565258
2.304492
1.175287
1.102338
1.822840
1.613807
2.924431
2.541752
2.812417
1.470185
1.084000
1.384136
2.574923
2.864016
2.995034
2.102741
1.118462
1.803622
1.442232
1.692804
1.077864
2.963783
1.777466
2.688096
2.720572
1.776798
2.561467
2.650292
2.368586
1.107787
2.218965
2.961572
2.225032
1.866653
2.183652
1.486242
2.902604
1.099126
1.165809
2.228691
2.968179
2.166803
2.281107
1.350095
1.592508
1.901787
2.916736
2.290825
2.625014
1.078550
2.680995
1.648644
2.756531
2.944856
2.613497
2.182438
2.337512
2.786221
1.903057
2.695604
1.922273
2.903993
1.345644
1.840794
2.980188
1.794292
1.649911
2.973724
2.799613
1.434817
2.742325
2.668111
2.200226
1.869242
1.565945
2.625342
1.445587
1.161889
1.310265
2.108988
2.920523
1.188055
1.626768
2.611588
1.520225
1.828715
1.513295
1.141765
2.952378
1.777819
2.899197
2.533458
1.550221
1.501728
2.248124
1.362931
2.143640
2.372184
1.368046
2.376425
2.838721
1.030515
1.621308
2.475567
2.217423
2.237003
1.874288
1.225716
1.331633
2.908055
1.303512
1.653761
1.171346
2.505623
1.393745
2.747187
2.319423
1.559310
1.038887
2.699512
2.691119
1.769487
1.528729
1.890966
2.873186
1.207771
1.078202
2.549787
1.338099
2.109214
1.156924
1.038485
2.010648
2.836779
2.438985
1.475042
2.851543
1.910763
1.162500
1.718873
2.690997
1.551069
2.056751
2.933132
1.744316
1.854982
2.545478
1.164905
2.127514
2.028848
1.878527
2.901456
2.944201
2.431460
2.796174
2.379380
2.826242
2.760999
1.291758
2.107593
2.390119
2.123645
2.005069
1.860708
2.767903
2.484495
2.656176
1.424658
1.685240
1.180080
1.756124
2.141757
2.357876
2.889377
1.170109
1.812193
2.356522
2.406730
2.302120
1.257392
2.157777
2.295256
2.331158
2.348369
2.439112
2.140414
2.912931
1.493527
2.190410
2.805592
1.772963
2.724007
2.259959
2.314442
1.897383
1.862940
2.304216
2.265833
2.586415
2.039765
1.825965
2.650807
2.086661
1.137483
2.221551
2.670956
1.744770
2.951900
1.215373
2.171968
2.064004
2.727934
2.043332
2.958886
2.200379
2.284338
1.044208
1.935327
1.569161
1.144000
2.286958
1.716231
2.965735
2.324029
2.968397
2.248774
1.122888
2.592122
2.413960
2.254855
1.674014
1.889391
1.090957
2.435162
1.775217
2.629924
1.686774
2.314079
2.140878
2.278615
2.898421
1.590098
1.764937
1.729366
1.885124
2.868565
1.558218
2.085090
2.887928
1.482261
2.012161
2.102192
2.920010
1.257964
1.602188
2.352019
2.920657
1.706712
2.833816
1.587236
1.861380
2.257385
1.785049
1.716857
1.270575
1.124237
1.100321
2.010444
1.899805
1.409968
2.101059
2.714603
2.768434
2.562036
2.690845
2.329235
2.936514
2.299343
2.739919
2.691789
2.588178
1.294899
2.673876
1.921270
2.441666
1.965217
2.247805
2.652231
1.571025
1.937479
1.193882
2.641205
2.322051
2.999327
1.401211
1.068568
1.844524
1.147190
2.954012
2.701015
2.093673
1.779604
2.532249
1.797578
2.256872
1.904030
1.600874
2.133011
2.274353
1.603915
1.321964
2.779167
1.564591
2.987314
2.041499
1.785275
2.822909
1.522172
2.524251
2.978088
1.005741
1.668383
2.774830
2.923195
1.781735
2.899710
1.445019
1.867666
2.814564
2.358830
1.748759
1.750687
2.064099
1.867558
2.585479
2.210985
2.291367
1.120681
1.355807
2.630016
1.353959
1.495627
1.823031
1.486014
1.129032
2.180951
1.635346
1.171799
2.951029
2.545302
2.348626
1.987793
2.209694
1.501344
1.915312
2.747004
2.662808
2.825301
2.503961
1.032733
1.013324
1.375644
2.599434
2.980725
1.459521
1.182015
1.053292
2.254444
2.129894
1.728931
1.315166
2.723318
1.837519
1.168817
1.549683
1.902903
1.154602
2.248666
1.387231
2.784415
2.482501
2.367501
2.543702
2.148822
2.927955
2.869257
1.673824
2.590826
2.211960
2.307858
2.537543
2.049550
2.613182
2.131941
1.363674
2.859730
1.036275
1.860155
2.098054
2.618518
1.207615
1.826990
1.042474
1.986703
2.658129
1.532605
2.359309
1.291040
2.308605
2.170233
1.405035
2.918096
2.088767
2.756585
2.408122
2.796972
1.609754
2.365138
1.829398
1.965582
2.494035
2.618849
2.063632
1.249822
2.188667
2.486478
1.693059
2.863148
2.628563
1.140117
1.289214
2.825968
2.116492
1.929149
2.407672
1.184327
2.390976
1.981660
1.881559
2.078337
1.326706
1.678320
1.096086
1.459092
2.044327
1.783607
1.374450
1.180125
1.790292
2.898520
2.974184
2.028170
2.743231
2.505339
1.151963
2.122235
2.598128
1.887126
2.452429
1.820583
1.451186
2.292503
1.667256
1.507791
2.839161
2.119514
2.794004
1.960393
1.554668
2.894521
2.100098
1.331387
2.206357
2.588713
2.262186
2.647515
1.767006
2.518670
1.621766
1.164440
1.756263
1.534135
2.830709
1.725829
1.795645
2.679322
2.677549
1.362530
1.730748
2.762481
1.847963
1.404638
1.195304
2.124702
2.644608
2.036561
2.600144
1.734895
2.340867
1.184598
2.862208
2.230370
2.557815
1.931077
1.688420
1.828197
2.627198
1.774337
1.618703
1.164987
2.785205
2.799036
1.343924
2.271181
2.327245
2.631220
2.939477
2.591252
1.980454
1.626758
2.662618
1.124610
2.523292
1.158571
1.540830
1.824108
1.630903
1.827890
2.421919
2.964493
2.540233
2.661234
1.287646
1.361891
1.700112
2.727283
1.311521
1.325802
2.224835
2.662348
2.432082
1.844615
2.914250
2.974112
2.299311
2.466769
1.230120
1.971130
2.172239
2.616963
2.435976
2.923517
1.823335
2.678749
1.340027
1.990370
2.672373
2.792928
1.428972
2.212319
1.487743
1.028329
1.878421
2.700343
1.517352
2.447423
2.795452
2.202043
1.372831
2.645712
2.013312
2.655419
1.045406
2.616254
1.555768
2.691699
1.243827
2.631588
1.192667
1.010660
2.292862
1.914453
2.892418
2.921521
1.179059
2.033163
1.006222
1.750702
1.775050
2.824338
2.103278
1.612663
2.488058
2.266835
2.913766
2.405320
2.370050
1.820262
1.038785
2.540069
1.190411
1.269445
1.828717
2.172383
1.587501
2.011392
1.334511
1.042034
2.022904
2.345566
1.762770
2.529916
2.292152
2.936225
1.713796
1.335084
2.583964
2.383877
1.267747
2.778214
1.599927
1.852046
2.585350
2.202895
2.539398
1.293711
1.699919
2.325665
2.660622
1.193118
2.588919
2.119234
1.889438
2.367633
2.276958
1.802360
2.869710
2.199171
1.266434
2.342283
1.105213
1.914470
1.961832
1.863060
2.568544
2.580596
1.110319
1.973665
2.694905
1.877780
2.448473
1.453554
1.539974
1.146573
1.655702
1.611377
1.468989
2.043599
1.731906
2.633517
2.595724
2.775905
2.803427
2.487525
2.862156
2.671304
1.157990
1.909308
2.591560
1.065075
1.191599
1.812829
2.771277
2.214232
2.096104
2.651620
2.235115
1.484227
2.077156
2.499113
2.570004
2.838400
2.534800
1.968952
1.343655
1.622673
2.593163
1.811221
1.637499
2.086469
2.188891
1.811174
2.596963
1.110694
1.507320
1.629713
2.051813
2.360769
2.748940
1.566152
1.099864
2.719713
2.489575
1.079299
2.698651
1.357906
1.868770
2.520642
1.913752
2.666957
1.077694
2.710688
1.191941
1.908372
1.587343
1.477894
1.718369
1.896828
1.500623
2.825616
1.948173
2.904831
1.668229
2.113495
2.700606
1.921934
2.756862
1.773875
1.667705
1.412614
1.696627
1.713535
1.503773
1.430764
2.867054
1.180188
2.195846
2.244218
2.418154
2.557336
2.323481
2.388338
1.218038
1.848924
1.803759
2.376751
2.701470
2.576528
1.136307
1.809158
2.928894
1.344953
1.212109
1.227477
2.909917
2.098582
2.207710
1.180946
1.961570
2.638175
2.764328
1.902674
1.825581
1.473989
1.604491
1.656291
1.383201
1.889504
1.911313
2.046262
1.630792
1.855689
2.109619
1.450732
1.504559
2.624285
2.501915
2.382572
2.868268
1.425590
2.452604
1.825006
1.509317
2.019417
1.776021
2.861612
1.221055
1.752990
2.903861
2.789142
2.481989
2.211049
2.465750
1.423666
2.045204
1.147514
2.910879
2.884585
2.497402
1.854305
2.476323
1.725514
2.932528
1.102972
2.856944
1.399662
2.984922
2.612344
1.209858
2.997375
1.091948
2.785179
2.199042
2.114451
1.340632
1.492022
2.255885
2.689979
1.751705
1.097709
1.010307
1.539792
1.347324
1.068778
2.968403
2.833554
1.349064
1.504628
1.413917
2.860477
2.250162
1.198390
1.894852
2.809511
1.555930
2.234567
1.416609
2.418674
2.655020
2.397940
1.111499
2.814383
2.391632
2.419064
2.007010
1.412134
1.749396
1.253840
2.016918
2.781188
2.818650
2.988897
1.857258
2.035005
2.119183
2.853943
2.925183
1.130309
2.608365
2.727925
2.981682
1.725145
2.161015
2.375227
2.758205
1.189204
1.072013
1.791772
1.908164
2.819053
2.323600
2.941567
2.229496
1.714545
2.513839
2.324882
2.882092
2.210352
1.825780
2.939105
2.373151
2.283827
2.833473
1.589061
2.499692
1.558018
2.071235
1.873048
2.300259
2.415714
1.386069
1.789492
1.515520
1.024117
1.329637
2.962822
1.408194
2.648878
2.468701
2.982662
1.974637
2.254900
2.175498
2.163761
1.231495
1.035641
1.793747
1.536256
1.074102
2.340714
2.785558
1.805654
2.862970
2.282671
1.394426
2.958011
2.744333
1.388844
2.401238
2.347935
1.317027
2.722541
1.337951
2.562556
1.525897
1.371412
1.979122
1.796758
1.654024
1.929812
1.903451
1.428702
1.144694
1.368157
1.834930
2.031272
2.836289
2.138892
2.624645
2.393905
2.849909
1.402312
2.656184
1.369305
1.138010
1.719313
1.824815
2.733995
2.542468
1.964525
1.139904
2.266248
2.938241
2.910766
1.506306
2.538399
2.630634
2.796374
1.481473
2.002214
2.019036
2.558458
2.113830
2.031819
1.603541
2.320038
1.735586
1.928702
2.839070
2.942935
2.789518
2.459730
2.251863
2.773326
2.602406
1.816092
1.500004
1.643031
1.526038
2.656737
1.175386
1.025666
2.558431
2.712855
1.822138
1.143529
1.183209
2.898737
2.016574
2.507624
2.152953
2.629052
1.597959
2.010337
1.195202
2.138203
2.099415
2.188327
1.342943
2.093344
1.117547
1.085615
1.616839
2.436731
2.616378
1.378070
1.502268
2.905862
2.877599
1.109990
2.510945
1.448940
1.580920
2.020138
1.349564
1.245815
1.086609
1.937793
2.687397
2.747481
1.141905
1.038623
2.554058
2.746372
2.553543
2.710030
2.933183
1.907853
1.186421
2.040052
1.428946
2.529251
1.186657
2.854063
2.698243
1.556229
1.263955
1.445971
2.948915
2.487782
1.357723
2.929388
2.637482
1.621795
2.596271
2.514911
1.433754
1.509110
2.890954
1.442990
1.559105
1.133941
1.480531
2.580100
1.558658
2.857365
2.177801
1.354293
1.367490
2.169606
1.374225
1.926004
1.782039
1.449246
2.881604
1.352037
1.875195
2.370326
1.882156
1.471200
2.779994
2.778223
2.127259
2.613422
1.759492
2.464392
2.618585
2.493206
1.125716
1.183490
2.728911
2.760150
1.079320
2.865240
1.845370
2.821294
1.423437
1.306297
1.526882
2.488025
1.419052
1.460885
1.670178
1.475341
2.282927
2.006959
2.178175
2.467790
2.177169
2.059439
2.777481
1.481609
1.193423
2.878263
1.413775
2.336584
2.790851
1.234690
2.317520
1.360802
1.345626
1.359462
1.498906
2.039678
2.301137
2.981101
2.166311
1.216549
1.153288
2.617736
1.068541
2.528941
1.582545
1.437539
1.139542
1.631498
2.089007
1.461919
2.540946
2.907928
1.692625
1.845772
2.540709
1.790753
2.935641
1.944343
2.224350
1.877744
2.379580
2.854837
2.275212
1.910728
2.588906
2.422601
1.240070
2.267071
2.914784
2.111157
2.103450
2.608650
2.207191
2.929390
2.676789
2.469401
2.746368
1.658159
1.402938
2.265782
1.056933
2.321663
2.462646
1.600229
1.655257
1.460120
2.803092
1.698697
2.957864
2.110895
1.479132
2.566810
1.785037
2.358370
1.120347
1.432960
1.992108
1.416435
2.006644
1.142834
2.960615
2.710164
1.228364
1.087070
2.648026
1.488301
1.826633
2.765244
2.023823
1.709549
2.057276
2.620783
1.140884
1.163274
2.492456
2.640798
2.200787
1.036870
1.160374
1.263543
2.658549
2.141549
1.114816
1.752028
1.487895
2.480078
1.215366
1.949859
1.561518
1.873734
1.692004
1.100286
1.415234
2.110880
1.540808
1.321664
2.636772
1.445258
2.294710
1.215705
1.936339
2.054377
2.549054
1.763369
1.043685
2.886203
1.244625
1.776214
2.874764
1.190366
2.322248
1.007675
1.782101
2.055018
1.344007
2.371345
2.149981
1.068623
2.164583
1.165511
1.995684
2.985312
1.628399
1.240457
2.319107
2.967721
1.231608
1.921962
2.960362
2.667140
2.608975
1.568712
1.294932
2.642875
1.404113
1.785408
2.125190
2.048243
2.524903
1.162238
1.635299
2.308832
1.722175
1.103203
1.305133
2.471129
1.593358
2.724560
1.854743
2.935595
2.759213
2.451181
1.209101
1.130207
2.021398
1.458351
1.060916
1.931278
1.503887
1.425338
1.755083
2.992561
1.840965
2.331943
1.985240
1.112170
1.846795
1.835123
2.169807
2.995920
1.651650
1.950808
2.264357
1.067133
1.448767
2.751233
2.173191
1.232075
2.337052
1.816761
1.531188
1.028145
2.399922
2.452321
2.511859
1.299632
1.240851
2.535030
2.966908
2.186981
1.441839
1.158517
1.026041
1.973792
1.975187
1.669163
1.867143
1.124527
1.273437
1.437502
1.070835
1.960610
2.611965
2.560660
1.377069
2.885000
1.438273
2.838071
2.777369
1.501465
1.339550
2.483116
1.886810
2.875575
1.627773
2.402459
1.129022
2.331568
2.686652
1.754108
2.407280
2.533883
1.081908
2.213991
1.429717
1.914169
1.534557
1.382608
1.855017
2.826937
1.611939
1.589519
1.990978
2.823215
1.253008
2.474419
1.008171
1.352671
2.013139
2.573660
1.647181
1.435915
2.178968
1.248010
2.826447
1.948167
1.771229
2.911813
1.706548
1.782346
1.421501
2.366494
1.409144
2.197959
2.888266
1.709033
2.122821
1.250145
1.467992
1.536842
1.399532
2.723495
1.693430
1.635495
1.603125
1.830468
2.291516
1.134847
1.699880
2.498875
2.644930
2.590825
1.121096
1.003261
1.151097
1.652188
1.814987
2.213233
2.073994
2.756317
2.533086
2.494919
1.555480
2.566645
2.362365
2.668173
2.029767
2.894479
2.338133
1.017775
1.353932
2.478244
2.089743
2.513658
1.832570
2.570966
1.424171
1.522739
1.467911
1.348971
1.060505
2.918201
1.735019
2.762011
2.258548
1.357365
2.859679
2.443877
1.363610
2.978790
1.299288
2.860907
2.801021
1.912142
2.661213
2.727199
2.548157
1.590041
2.456544
1.959548
1.176583
2.237471
1.304459
1.164957
2.698574
2.355241
2.147049
1.409205
1.995213
2.386560
2.207604
2.001100
2.098491
2.324259
1.160233
1.979502
1.740647
1.807206
1.617427
1.509198
2.573946
2.721967
2.126404
1.923503
1.388571
1.146656
2.983746
2.931585
1.791916
2.884286
1.578963
1.955480
1.348025
2.712765
2.258870
1.861515
1.698757
1.290311
1.687884
1.812088
2.178695
2.772687
2.521790
2.266047
2.742400
2.042335
2.304316
1.608042
1.501132
2.078595
1.367056
2.838171
2.701689
2.622286
1.668075
1.390932
2.888274
2.335030
2.889088
2.908583
2.203273
1.092259
1.688505
1.371621
1.308612
2.933232
1.654948
1.792566
2.611617
2.049304
1.778214
2.083555
1.380479
1.964605
2.995531
2.268516
2.415079
1.379984
2.651208
1.967726
1.857572
1.107776
1.367035
1.255085
2.469333
1.068782
1.224523
2.541209
1.350193
2.328596
2.072578
2.113293
1.123721
2.393890
2.781046
2.615052
1.418934
2.994831
1.191411
2.465563
2.732124
1.675892
2.751827
2.109991
1.779546
2.640080
2.369989
1.519529
1.156782
1.741975
1.718098
1.894765
1.924890
1.527795
2.963418
2.758513
1.260495
2.407095
2.105721
1.297544
1.501432
1.871772
2.191053
2.365213
1.617615
1.093165
2.579372
2.977285
1.712040
2.745419
2.000091
2.272108
1.056345
2.614946
2.242388
2.867447
1.485535
2.422760
1.444764
1.591555
2.673053
1.957152
2.477270
1.758745
2.231314
2.883987
1.139910
1.376882
2.562126
2.312056
1.664395
2.865794
1.178786
2.789636
1.064157
1.055248
1.048680
1.025958
1.017255
1.891409
2.522465
1.589975
1.750801
2.642950
2.558070
2.994754
2.487565
2.032820
1.710636
1.210335
1.210560
2.299658
2.774376
2.388904
2.259008
2.280983
1.309545
1.738714
2.900218
1.722833
2.687552
2.474981
1.833916
2.053183
2.380618
1.143656
2.529918
1.548598
2.713794
1.027498
2.743669
2.112821
2.329423
2.362083
2.334427
2.890837
1.141372
2.867558
2.848282
1.065640
1.800758
1.112614
1.494492
2.422124
1.657936
1.409934
1.361886
2.969947
1.689944
2.590330
2.288450
2.737364
2.736505
1.598521
1.208462
2.633833
2.699229
1.248104
2.001785
2.974350
2.009156
2.706771
2.931413
1.507728
1.342561
1.653237
1.369246
1.757892
1.658277
1.004619
2.423766
1.220069
2.937914
2.277732
1.664118
2.165982
1.890583
2.408936
1.436357
1.430035
1.688712
2.538359
2.973635
2.618393
2.880510
2.487741
2.415208
1.026119
1.543131
1.775971
1.860187
1.688928
1.377166
1.383559
1.574328
2.387033
2.185287
2.394728
1.563381
2.401186
2.143994
1.123991
2.381766
1.241099
2.708615
1.249407
1.120872
2.492836
2.636091
1.038247
2.995326
1.375946
2.150063
1.778452
2.954503
1.437936
1.393563
1.175836
2.280585
1.645309
1.981380
2.463413
2.152849
1.158301
2.527171
1.828493
1.747574
1.897605
2.823628
1.581117
2.922870
1.195883
1.337353
2.899954
1.671405
2.446104
1.429034
1.813795
2.159291
2.152240
1.468643
1.117041
1.932665
1.190782
2.608334
2.714937
2.915029
1.068785
1.483833
2.629779
2.219989
2.609151
2.716223
2.697521
2.396607
2.842074
2.844950
1.973767
2.665769
2.111729
2.898127
1.351661
1.351799
2.183315
1.390750
2.765412
1.214662
2.989533
2.637178
2.763492
1.554018
1.096220
1.908007
1.860465
2.534324
2.883615
2.678336
1.498587
2.986931
2.100956
1.183491
1.167963
1.518451
2.597132
1.763933
2.227149
2.528512
1.939734
2.568850
1.198838
2.379449
2.645593
1.245740
2.408077
2.053652
2.688890
2.245057
2.370370
2.143049
1.799421
1.332886
2.111851
1.432381
2.824910
2.732904
2.028140
1.676602
2.399557
1.182262
1.286109
1.649808
2.125598
2.857722
1.376898
1.263903
2.193094
1.676339
2.419701
2.638975
1.134251
2.472444
1.976779
2.111904
1.152564
1.478370
1.794732
1.112544
2.849228
2.082258
2.005367
2.854512
2.726758
2.306589
1.332042
1.641134
2.782622
1.987159
2.484284
2.094440
1.889257
2.503478
1.979391
1.560662
1.654687
1.707183
2.472230
1.557343
1.064717
2.313234
2.394653
1.663950
1.945029
1.164351
1.863470
2.801352
2.319357
2.396609
1.635610
2.710577
2.890184
2.987490
1.065725
2.593937
2.093884
1.372624
2.253755
1.454628
2.394413
2.192145
2.039045
1.306244
2.235279
2.284350
2.099628
2.697091
1.512017
2.629330
1.760769
1.400147
2.870867
2.976087
1.974442
2.531919
1.870937
1.111888
2.112544
1.740193
1.803232
1.312649
2.399269
2.978178
1.116020
2.877619
1.385512
1.654684
2.657238
1.810567
1.398033
1.555080
2.173025
1.812581
2.713027
2.832306
1.561685
1.917683
2.297454
2.486539
1.103309
2.368566
2.276513
2.566916
1.624605
2.723272
2.461438
1.949004
1.419605
1.875427
1.556055
2.512883
2.796651
2.133934
1.103690
1.098266
1.666084
1.401588
2.089671
1.458334
2.060025
2.702285
1.086124
1.147397
2.095229
2.685038
1.473873
1.152839
2.789597
2.875875
2.731111
1.318738
1.060101
1.706341
2.272587
1.235812
1.760715
2.740946
2.264402
2.898071
1.838652
1.989180
1.649137
2.200737
1.980320
2.337063
1.131636
1.498223
2.339989
1.362783
1.431539
2.156539
2.543303
2.160877
2.215025
2.271864
2.666501
2.445251
1.336797
1.039575
2.075305
1.981598
1.074499
2.841117
2.228351
1.237568
2.062133
2.581095
1.769917
1.937990
2.832204
1.111530
2.367863
1.781066
2.458142
1.618292
1.369307
1.557742
2.969465
1.050219
2.687806
1.690358
1.417864
2.587426
1.331283
1.202765
2.380275
1.873609
1.046009
2.956819
1.010981
2.256628
2.447288
1.563570
2.349866
1.231256
2.104435
1.066985
1.944275
2.607589
1.800174
1.279873
1.856291
1.778164
1.881334
2.164752
2.714568
1.556985
1.038045
2.335556
2.182097
1.673401
1.042220
1.746850
1.050729
1.111199
2.037121
1.818886
1.345461
2.787464
2.594227
2.701671
2.668228
2.025171
1.702302
1.719490
1.563222
2.200806
1.778499
2.688111
1.654625
1.557053
1.352212
2.544550
1.843827
1.506223
2.729905
2.347147
1.472650
1.602810
1.152588
1.764570
2.745991
2.641381
1.441098
2.748299
1.095519
1.767625
2.417258
2.442344
1.926554
2.196217
2.817793
2.407118
2.065148
1.440144
1.456451
1.723948
1.517456
2.701910
2.518821
2.815812
2.150135
1.893657
2.952864
2.846580
2.239356
2.433786
2.291764
2.319225
1.601002
2.464504
2.947261
2.253583
2.877900
1.981549
2.295954
1.306620
1.802290
1.711764
2.740258
1.648911
1.940593
2.824482
2.979046
2.859667
2.717208
2.090380
1.425137
2.118770
1.292758
2.060665
1.529879
1.066739
2.276121
2.424384
2.531444
2.372360
2.636165
1.213754
1.175792
2.629280
2.820087
1.862079
2.422864
2.128870
2.560254
2.114710
2.058233
1.053712
2.359571
2.257043
2.650307
1.005195
2.481065
2.055598
1.779775
2.337599
2.762394
2.444991
1.263048
2.614200
1.314765
1.147588
2.744028
1.039024
2.769286
2.141098
2.518791
1.156250
1.432835
2.560405
2.513389
2.641062
1.332411
1.276835
2.109942
2.737488
1.084205
1.101199
1.120257
1.817942
1.946944
1.160312
2.328444
1.159731
2.524508
2.563929
2.239681
2.151252
2.199083
2.289047
1.019924
2.202132
2.919288
2.552622
1.524286
1.356325
1.727285
2.748891
1.403350
2.554179
1.412591
2.870594
1.522081
2.883403
1.097564
2.540021
1.739583
1.877330
1.603670
1.089753
2.381942
2.091087
2.420597
1.346170
2.624247
2.765870
2.579970
2.518218
1.143752
2.970543
2.251036
1.823378
1.439721
1.993449
2.828179
1.104986
2.977236
1.123307
1.541332
2.984845
1.619240
1.854171
1.134671
2.242064
2.752009
2.838655
2.236457
1.451996
2.508997
2.380941
2.652545
1.295757
2.468122
1.471766
2.383536
1.404099
1.677169
1.230865
2.487916
1.845559
1.374788
1.523817
1.377990
2.121397
2.149870
2.697583
1.341435
2.815402
1.367453
2.116110
2.195565
1.975740
2.482550
2.757897
1.801497
2.046470
2.067720
1.771445
2.854081
1.316585
1.577415
1.577829
1.162034
2.929000
1.076944
1.300693
1.677287
1.097206
1.859662
2.791696
1.999744
2.939321
2.825302
1.504990
1.185412
1.541879
1.112430
2.463940
2.125081
1.880828
2.048102
2.269097
1.225572
1.243547
1.876749
1.470883
1.382288
2.131353
1.793892
2.726112
2.230525
2.897586
1.298970
1.758326
2.030306
2.911897
2.008181
2.463327
2.461950
2.515131
2.166371
1.298958
2.210132
2.172881
1.856381
2.873886
1.486377
2.911666
2.498603
2.647781
2.157028
1.143340
2.529238
1.341796
2.782245
2.393255
2.332430
1.344669
1.154010
2.100837
2.549694
2.518809
2.890303
2.912063
1.504285
2.005029
2.749360
1.839078
2.916065
2.357191
1.226130
2.463886
1.588883
2.217260
1.760241
1.011973
1.905946
1.344992
2.510745
2.289691
2.536567
2.123418
1.475137
1.316013
1.462449
1.141345
2.031339
2.857067
1.356810
2.225717
1.998194
2.517197
2.721892
2.722118
2.295025
1.974916
2.037708
1.697929
1.848048
1.097472
1.343006
2.296210
1.367248
2.292594
2.818392
1.814956
2.251483
2.410652
2.924184
2.802373
2.589392
1.308673
1.124038
1.788697
2.811454
2.533865
1.894744
1.679755
1.581949
1.870287
1.146013
2.460020
1.351653
1.129717
1.607780
1.307671
1.475182
1.775800
2.227875
1.172344
1.305892
2.898534
2.447670
2.584655
2.317369
2.284324
1.189083
1.871330
2.765603
2.889721
2.473544
1.831901
2.411711
1.435254
1.091452
1.493473
2.816705
1.349413
2.426328
1.375356
1.781398
1.500010
2.432188
2.783973
1.121471
1.434747
1.565046
1.341934
2.635008
2.036710
1.548218
2.454928
1.352188
1.522538
1.864116
1.517501
1.270836
1.572335
1.679875
2.530277
1.834606
2.671910
1.337119
2.129929
2.766792
1.572479
2.394810
2.360856
1.334961
1.043699
1.012980
1.854482
1.450144
2.168008
2.277427
1.909110
2.297587
2.039643
2.624708
1.346332
1.659223
2.580724
1.581407
1.390280
1.674528
2.450550
2.585596
1.068167
2.548571
2.513812
1.077683
2.368827
2.649441
1.238795
2.928344
1.243897
2.705262
1.979447
2.799056
1.625831
2.504453
2.918951
2.510589
2.133122
1.024863
1.794828
1.800454
1.131673
1.576105
2.087801
2.714929
2.006545
2.905915
2.026406
1.546797
1.792521
1.906419
1.394589
2.593547
1.487220
1.063587
2.277989
2.811992
2.510673
2.131512
1.740424
1.304629
2.711112
1.513236
1.460648
1.634215
2.432854
2.558058
2.597937
1.949312
2.719540
2.104308
1.902234
1.079371
1.893129
2.771282
2.371693
1.336904
1.101123
2.934970
1.871410
2.971466
2.659821
2.355585
2.292857
2.278123
2.127098
2.662674
2.102385
1.279815
2.518352
2.311847
1.392704
1.521515
1.460741
1.458534
1.430766
2.610141
1.311528
2.256228
1.859650
2.722077
2.324275
2.972262
2.664834
2.437786
1.539414
1.303921
2.751127
1.972396
1.101674
1.495210
2.792844
2.796370
1.239618
2.903244
2.456519
1.493779
1.247139
1.240595
1.869454
2.410891
1.171447
2.317474
1.090277
1.129000
2.976702
1.803321
1.190781
2.955931
2.941664
2.574296
1.960681
2.291518
1.992116
1.362099
1.293868
2.465368
2.404253
2.140391
1.706007
1.333539
1.292330
2.209030
2.772287
1.825414
1.701790
2.960785
1.942403
1.798138
2.072640
2.252944
2.474878
1.372270
2.600984
1.261654
2.154381
1.800316
2.802932
2.753121
1.346835
1.371651
2.487300
1.175344
2.821574
2.468689
2.841549
2.455243
1.354347
2.750483
2.332385
1.270640
2.491862
2.930947
2.486780
1.585425
2.152507
1.558025
1.861600
2.574925
1.434053
1.340511
2.206619
2.259938
1.241027
2.122390
2.808497
2.740465
2.153066
1.461026
1.975717
1.286542
1.223334
1.948249
2.085452
1.820068
1.441692
2.809104
2.254272
1.454155
1.951075
2.971555
2.715446
1.071421
1.628519
1.111737
1.052284
2.719912
2.714111
2.075854
2.355196
2.295041
2.125348
1.070526
2.947322
2.128514
2.273679
2.592713
1.758126
2.937302
1.195032
1.624720
1.145254
1.421497
2.077652
2.266380
1.351700
1.745703
1.440258
2.594665
2.235401
1.789427
1.812253
1.087868
2.938913
2.320325
1.693164
1.049138
2.351212
1.782216
2.987206
2.115654
1.219905
2.168708
1.146252
2.183080
1.624761
2.258472
2.897205
2.137298
1.132513
1.055287
1.752591
2.998933
2.445004
1.110935
1.751180
1.763978
1.942779
1.459457
2.527786
2.487913
1.529245
2.877412
1.423288
1.006660
1.850705
2.375015
2.321391
2.934884
2.053974
2.220165
2.335710
2.133278
1.639982
2.066424
1.583648
1.861486
1.108258
2.808547
2.187026
1.577705
1.503269
1.704163
2.362792
1.807666
2.288469
1.318969
2.516231
2.504030
1.640869
1.289705
2.200831
1.914799
2.603188
2.175335
1.379094
2.516709
2.653375
1.310762
2.671210
2.299780
2.521703
1.967004
1.181105
1.841118
1.589065
1.764562
1.755782
2.067746
2.298388
1.849721
2.158486
1.105859
2.916875
2.736826
2.278667
2.720312
2.105835
1.819797
2.129274
2.850142
1.789698
2.760383
1.799027
1.753558
2.310167
2.757640
1.804347
1.590806
1.105970
2.735648
1.006943
1.371116
2.016932
2.893903
2.372811
1.780577
2.066903
1.816835
1.267954
1.549607
1.623578
1.960260
1.905393
2.847374
1.530858
1.212536
2.207335
2.937820
1.973625
2.829695
2.576945
2.163743
2.060359
1.231351
2.650823
1.058441
2.356642
2.270840
1.152063
2.436325
1.583548
2.796100
2.475354
2.021655
2.862191
2.545834
2.560945
2.300952
1.648347
2.385579
2.667594
1.566407
2.871702
1.391557
2.156325
1.298276
2.255058
1.797289
1.705718
2.344738
2.109009
1.750324
1.447053
2.650614
2.344122
2.308977
2.058330
2.744989
1.585777
1.669276
1.621626
1.454230
1.236583
1.114221
2.111925
1.991152
1.694923
2.538965
1.105717
1.752328
1.329174
2.191433
2.898664
2.514079
2.865190
1.899233
1.466586
2.895424
2.239316
1.499365
1.031204
1.716833
2.246232
2.102306
2.832054
2.607494
1.312748
1.086401
2.436951
1.532770
2.221308
2.883087
1.766261
1.092195
2.047982
2.861348
2.223466
1.184918
2.398193
1.525280
2.304710
1.050206
1.397989
2.401922
1.876435
1.110236
2.322558
1.112287
1.428579
2.578781
2.173875
2.969461
2.868366
1.222358
1.601039
2.528833
1.517276
1.039434
2.091733
1.588987
1.110641
1.341997
2.240352
1.976762
2.399496
1.485418
2.293203
1.523203
2.900406
1.371118
1.305823
1.902391
2.219934
2.175964
1.851201
1.012811
2.544071
2.385608
2.187883
1.535657
2.871146
2.625584
2.954789
2.187527
2.424383
1.960058
1.705848
1.665539
1.655386
1.099461
1.787761
2.978553
1.322551
1.203494
1.574834
1.949079
1.639258
1.981282
2.270020
1.704213
1.363280
1.547879
2.644817
2.230333
1.824294
2.805068
2.513464
1.425664
2.907658
2.476960
1.808742
1.544155
1.599228
1.709779
2.721679
1.734762
1.490079
2.329773
1.838670
1.022033
2.044554
2.103290
1.109436
1.014168
1.499681
1.702868
2.948021
2.365619
1.524139
1.479646
2.417160
2.679612
1.213348
2.495849
2.846286
1.383638
2.165977
2.259080
1.834837
1.737418
2.482234
2.939522
2.889015
1.718868
2.217245
1.724748
2.942284
1.018493
1.414477
1.629918
1.840351
2.100298
1.488829
2.844114
2.727921
1.957145
2.461411
1.493474
2.010745
1.168245
2.880379
2.516219
1.449776
2.203585
2.657735
2.014332
1.004570
2.239927
1.347496
2.979431
2.980283
2.406230
2.365780
1.239449
2.939601
1.158171
1.392790
1.577578
2.277085
1.013753
1.800944
1.493451
2.441629
2.658779
2.328691
2.706121
2.954605
2.540125
1.411321
1.304473
1.899665
2.839688
1.865972
1.134068
1.947385
1.963175
2.432346
2.478603
1.607546
1.112073
1.017985
2.130584
2.811510
1.648736
1.922425
2.589827
1.523398
1.522546
1.723636
1.668340
2.154346
1.196563
2.018554
2.600635
1.363470
2.001547
1.664497
2.031379
2.951609
2.728791
2.685990
1.756052
2.835526
1.523401
2.119735
2.698788
2.582018
2.798145
1.992857
1.697521
1.150796
2.283003
1.813898
1.639894
1.752949
1.170045
1.129461
1.175604
2.071956
1.016453
1.352782
1.502016
1.003939
1.567029
1.648218
1.581723
1.061643
1.261570
1.019342
1.597972
2.360327
1.152707
1.787521
2.619695
2.783421
2.959212
2.248798
1.812749
2.071929
1.634081
1.709804
1.783834
1.623649
1.704323
1.883399
1.773366
1.729031
2.494409
2.155767
2.015024
2.941223
2.730575
1.505425
2.357113
2.958706
2.438890
1.721036
1.026709
2.879416
2.706278
1.610045
1.898468
2.957974
2.359374
2.817599
1.345325
2.192769
2.451797
2.077878
2.183054
2.907796
2.703956
2.059757
1.897844
2.410068
2.564795
1.083719
1.646574
1.161505
2.062629
1.066852
2.697802
2.207277
2.298131
1.209410
1.814831
1.784010
1.815022
1.691961
1.511303
1.905853
2.232363
2.899734
2.019813
1.762441
2.530129
1.266787
1.503247
2.838475
2.038584
2.095569
2.494627
1.102700
2.017776
1.916951
2.553373
1.517780
1.146028
1.057528
2.197470
1.701306
1.641184
1.994632
2.288556
1.375191
2.055577
1.754745
1.546147
2.160974
1.324034
1.379544
1.856901
1.183788
2.810296
1.531839
2.277545
1.768934
1.706775
1.126283
1.764013
2.741176
2.966007
1.328200
2.187001
2.444011
1.457107
2.377716
2.302208
1.550286
1.607643
2.637645
1.930628
2.164357
1.253228
2.044898
1.059759
2.935460
2.310660
1.696328
1.793421
2.318232
2.817180
1.011118
1.355511
2.696744
1.822186
1.986197
2.604083
2.720473
1.437938
2.924358
1.594338
1.645425
1.648652
2.095113
2.254375
1.928606
2.324247
2.792800
1.036356
2.367859
1.084419
2.393917
1.145654
1.951224
1.164905
1.598252
1.630515
1.523297
2.477808
2.838379
2.910309
1.133601
2.569699
1.538121
2.641867
1.838605
1.296382
1.203736
2.178436
1.568792
2.579338
1.348470
1.161661
1.501188
2.541485
2.234907
2.423240
1.958037
2.786453
2.797607
2.691433
1.978799
2.460637
1.924688
1.997227
1.437947
2.896088
2.644710
1.838407
1.143959
2.779639
2.498135
2.412338
1.449224
2.938622
2.901917
2.168178
1.846440
2.370269
1.488795
2.653528
2.896824
2.967620
1.561626
2.408544
2.203398
1.242287
1.510435
1.579093
2.783268
1.401034
2.618690
1.387145
1.147959
2.191501
1.048088
2.899967
1.846862
1.058354
2.837521
1.318755
2.262916
1.928427
2.286536
2.361153
2.610561
2.525504
1.119131
1.209304
2.959361
2.949326
1.614535
2.258004
2.700212
2.686493
2.434639
1.830934
1.824132
1.924914
2.366409
2.678879
1.630456
1.018761
1.244510
2.560701
1.807201
2.550254
1.008748
2.643548
2.147330
1.723728
2.429156
2.224147
1.904169
2.290306
2.185093
2.863186
1.625685
1.480208
1.865851
2.287377
2.487669
1.943685
1.274336
2.297188
2.174457
2.825996
1.540331
2.119599
1.881499
1.635101
2.141930
1.076125
1.543142
2.114431
1.149966
2.297210
1.637734
2.814547
1.581771
2.609782
1.589468
1.883119
2.854621
1.236162
1.893656
2.155571
2.457545
2.237561
1.315084
1.348136
2.633581
1.504175
1.906551
1.357303
1.417228
2.879148
2.684694
1.835974
2.399456
1.416720
2.947565
1.344106
1.827226
1.082287
1.976972
1.030850
1.751558
2.658641
1.345936
1.516792
2.427183
1.027451
2.163258
1.810532
1.414901
1.100526
2.620726
2.120039
1.032890
2.203607
2.344516
2.249517
1.372296
1.273894
2.976012
1.323648
2.860975
2.127594
2.571358
1.278420
1.836835
1.647188
2.131755
2.039159
2.952037
1.314712
2.452243
1.907322
1.380001
1.201222
2.624115
1.034977
1.271037
2.364133
1.684288
1.101126
1.623533
2.388747
1.894791
1.354235
1.238349
2.658909
1.093451
1.466305
2.041275
1.472554
1.805428
2.036263
1.401885
2.420949
1.668794
2.810990
1.219171
1.761020
1.124071
2.065883
2.485797
2.264512
1.482340
2.922340
2.684319
2.320841
1.057983
1.718165
2.975776
1.698452
2.225746
2.237131
2.153026
1.089921
1.511499
1.755426
2.966034
1.398140
1.161449
2.611023
1.712390
1.443421
2.573015
1.375814
2.400982
2.532404
2.962106
1.581569
1.106364
2.199963
1.623374
1.392451
1.055019
1.148852
2.129977
2.377714
2.331639
1.735494
1.367634
2.898342
2.544593
1.577539
2.735843
1.941968
1.166657
2.813061
2.858624
2.837066
2.154901
2.122100
2.157930
1.690856
1.026373
1.446046
2.403474
2.375532
1.370093
2.359097
1.396267
2.680191
1.852122
2.769500
2.706612
1.204988
2.614228
2.387815
1.532127
2.973841
2.415844
2.192965
2.160721
2.930375
1.328535
2.390390
2.472069
1.820904
2.290717
1.389946
2.361019
2.001369
1.189002
1.303153
2.398375
1.407003
2.199344
1.870145
1.465596
2.211084
1.584254
1.763846
2.097291
1.953803
1.240356
2.795782
1.237273
2.730353
1.317726
1.956721
2.560587
1.124664
1.584780
2.191634
2.304648
2.500449
1.276404
2.035613
2.116253
1.740022
1.337712
2.816986
2.920511
2.949827
2.057318
1.339709
1.092428
1.232241
2.530046
2.355990
2.902549
2.098575
2.444022
2.595786
1.850544
1.504643
2.712527
2.919653
1.343997
2.492301
2.187914
2.557751
2.373389
2.146182
1.604753
1.148900
1.595064
2.227171
1.093840
1.670873
2.514773
2.299894
1.508180
2.826874
1.088208
1.077231
2.052693
1.889725
1.673235
1.707864
2.464361
2.401359
2.904480
2.022618
1.368980
1.639228
2.168274
2.085354
1.512701
2.385713
1.450578
1.199684
2.493269
1.770022
1.381710
2.043714
2.104856
2.112006
1.205551
2.502808
1.581996
1.860754
1.533157
1.168000
2.906435
2.783498
2.585726
1.345096
2.174916
1.869183
2.064659
2.876083
2.317829
1.139867
2.683530
2.652078
2.983326
2.235567
2.626161
2.178547
2.813360
2.299104
1.114973
1.978706
2.926135
2.032502
1.093161
1.209155
1.674542
2.705357
1.334298
1.417837
1.508645
2.614194
2.379771
2.971788
1.568394
2.517858
1.509617
1.555977
1.776745
2.535351
2.507440
1.671913
2.430549
2.194763
1.199467
1.896992
2.364907
1.193568
2.766764
1.652098
1.926334
1.660731
2.135800
1.072254
1.394613
1.961373
1.276958
1.928531
2.466359
1.217999
2.118833
2.465126
2.487610
1.463007
2.223177
1.004142
2.393250
2.281566
2.589811
2.883181
2.656564
2.768470
1.904496
2.712936
1.927917
1.985563
2.197888
1.297359
2.717934
2.914265
1.507087
1.604154
1.330956
1.360848
1.944029
2.547168
2.667877
2.269390
1.283971
2.979274
2.178757
2.252833
1.861341
2.886396
2.794626
1.213001
2.715540
1.339859
1.617916
1.370166
1.463964
1.503396
2.879477
2.758596
2.629202
2.965944
1.972945
1.168578
2.666681
2.343427
2.504755
2.996795
2.343695
2.373833
2.533026
1.192317
2.940826
1.139580
1.231139
1.913533
1.153427
2.580640
1.501086
1.326410
2.504866
1.217508
2.589303
2.759395
2.622867
2.766218
2.281084
2.448964
1.531215
1.046219
1.469656
1.661502
2.406525
2.137895
2.933812
1.677965
2.446168
1.885446
1.697705
1.477887
1.457914
2.199120
2.948857
2.575186
1.570705
2.980628
2.991840
1.961743
2.867511
2.620786
1.388639
2.059561
2.091068
2.537685
1.825312
1.269137
1.291212
1.846819
2.692964
1.121369
1.776735
1.458580
2.413222
1.102511
1.097982
2.265608
2.024741
1.900301
1.116793
1.791839
2.567795
2.667460
2.423043
1.047740
1.385908
1.247858
1.866727
2.031926
1.954786
2.404898
2.881180
1.369133
1.346572
1.369649
2.613094
2.385118
1.453043
2.663473
2.024378
1.157941
1.008243
2.236562
2.296634
2.194188
2.055845
1.534164
2.969180
1.025384
2.005378
2.316466
1.794217
2.954825
2.531910
1.973767
2.737158
2.349414
1.313112
2.081803
2.749617
1.213249
1.923040
2.705107
2.924389
2.329507
1.138444
2.170652
1.945034
2.591950
1.336727
1.341313
2.671285
1.952019
1.036399
2.378752
1.246715
2.019141
2.550413
1.397088
2.437050
1.410762
2.437313
2.612126
1.817988
2.480363
2.992507
2.556930
2.929532
1.196949
2.414392
2.873831
2.813866
2.485685
1.691518
2.456231
2.159179
1.532604
1.567457
1.162784
1.947630
2.941143
2.969521
1.767334
1.242390
2.783816
1.049245
1.087521
2.841851
2.706712
2.219514
2.179996
2.920497
2.219121
1.292812
2.345897
2.664004
2.220843
2.623988
1.335758
1.370006
1.115488
2.404405
2.672506
1.681334
1.035785
2.299719
2.845358
1.226598
2.418152
1.115836
2.179482
2.925454
1.543836
1.828252
1.102691
1.529661
2.244736
1.043137
2.213222
2.435091
2.075533
2.151227
2.760140
2.079746
2.629018
1.189002
2.926974
1.435287
1.303183
2.762695
1.392134
2.151864
2.941287
1.799353
2.111805
2.035690
2.310986
1.037995
1.154692
1.361135
2.338167
1.805801
1.652631
2.162872
2.281783
2.984583
2.720640
2.172764
2.504180
1.596104
1.930175
1.107019
1.088435
1.715340
2.826676
2.237281
1.330931
2.246426
2.425821
2.778619
2.549279
1.144335
1.754408
2.294500
2.414176
2.872116
1.995091
2.777646
2.763217
1.860313
2.024197
1.180028
1.158346
1.446543
1.288279
1.601095
2.829035
1.470664
2.039560
2.160751
1.991380
2.714543
1.590767
2.921147
2.846716
2.887747
2.604367
2.185661
2.781222
2.976550
2.238368
1.233724
2.129056
1.426054
1.600950
1.044905
1.167056
1.066075
2.127873
1.896176
2.720274
2.194908
2.362512
1.568448
2.095497
2.215876
2.186697
2.663746
2.308791
1.417662
1.701246
2.609925
2.970902
2.172385
1.528419
1.583224
1.542300
1.677277
2.101361
1.416801
2.770578
1.643150
1.520282
2.173199
2.950021
1.843752
1.354910
2.156875
2.805416
1.379020
1.848044
1.745661
1.373093
1.156838
1.126408
2.216902
1.218744
1.794041
1.312862
1.690908
1.497613
2.470509
1.605237
1.632758
1.191300
1.566722
1.105605
1.989096
2.974479
1.512543
2.355690
2.338420
2.069613
1.926770
2.865494
2.643180
2.432304
1.308188
2.241617
1.180524
1.606782
2.080270
1.343357
2.935393
1.222456
1.791982
2.904830
2.689352
2.923863
1.671083
1.811609
2.730750
1.140813
2.809220
1.067138
1.755160
2.039003
1.774969
2.676223
2.522527
1.768683
1.808949
1.907193
1.019621
2.521604
2.776061
2.276974
1.505635
1.134780
1.091950
2.998917
1.062149
1.849112
1.658614
1.412141
2.210176
1.236809
2.762557
1.797702
1.909515
2.512897
2.689697
1.559617
2.935119
2.576176
2.419348
2.773743
1.576262
2.292776
2.008919
1.620157
1.850192
2.283529
1.453007
2.166213
2.770349
2.899359
2.688869
1.110941
2.245205
1.135190
2.162035
1.035427
1.793618
2.186225
1.860002
1.229963
2.558941
1.269425
1.916453
1.520446
1.980121
1.637717
1.819590
2.456929
1.503801
2.519043
1.400541
1.940155
1.892474
1.135501
1.150407
2.279493
1.118384
1.572270
1.029931
2.457033
2.159456
1.178304
2.125344
2.500955
1.611725
1.133840
2.567793
1.434618
2.461570
2.038709
1.100090
1.750537
1.038714
2.621020
1.778751
2.001106
1.366890
2.904351
2.307583
2.642452
2.369804
1.702605
1.471468
1.437473
2.093008
1.564915
1.613130
2.303788
2.371294
2.716445
1.529693
2.071769
1.039986
2.591702
2.537049
2.964392
1.510256
2.593627
1.085313
2.155181
2.594301
2.692761
1.194195
2.454409
1.380053
2.519463
1.987105
1.822409
1.992916
1.837054
1.546355
2.993651
1.079286
2.255344
2.063975
1.818882
2.186229
2.878946
1.596392
1.407418
2.018326
1.144192
1.099585
1.775866
2.317963
2.890736
2.133423
1.127906
2.117431
2.718110
1.508016
2.857735
2.199692
1.422179
1.616397
1.455615
2.106630
1.118457
1.806755
1.674199
2.387878
1.529580
2.161308
2.267946
1.395564
2.972626
1.643847
2.625086
2.982661
2.244042
1.084020
2.060887
2.798026
2.708897
1.638031
2.560298
2.119313
2.456245
2.122901
2.628794
2.022675
1.349337
2.709425
1.199383
2.421303
2.557033
1.966057
2.555570
1.685719
2.991622
1.724056
2.759039
1.415360
2.565938
2.495371
1.546456
1.478036
1.944218
2.803179
2.978161
1.974994
2.071028
1.445450
1.445470
1.025200
1.610013
2.525506
2.700368
1.365538
1.916108
1.228941
1.769672
2.672858
1.613016
1.801380
2.716612
2.721511
1.263143
1.545607
1.009762
1.396307
2.563568
2.928917
2.396025
2.009606
1.447005
1.166528
1.751716
2.130816
1.078461
1.995361
1.677323
2.821546
2.028581
2.011570
1.811100
1.155806
1.813678
1.034615
1.069200
1.560535
1.868892
2.983423
1.489692
2.745192
2.118062
2.631762
1.466447
1.589950
2.101317
1.392572
1.151937
2.819280
2.218055
2.735951
1.258641
2.250696
1.834379
2.973065
2.958457
1.106113
2.097778
2.184462
2.030654
2.015384
2.348492
1.582525
1.451392
1.623120
2.855850
1.286025
2.738722
1.107312
2.890929
1.653655
1.464313
1.781125
1.018356
2.510911
1.218630
2.160859
2.542380
2.020514
2.764329
1.538353
1.815880
1.053440
1.399888
1.245151
1.742969
2.829148
1.001163
1.393512
2.391988
2.199976
2.158133
2.795696
1.491651
1.012620
1.912327
1.898957
1.465922
1.815304
2.258044
2.940376
1.335573
2.495057
2.983936
2.722456
2.714797
1.721534
2.980028
1.635916
1.256582
1.787078
2.034521
2.004306
1.078402
2.535440
2.693998
2.955690
1.065187
1.842630
2.122779
2.401634
2.312288
2.329705
2.982736
1.791951
1.044945
1.431186
1.407427
1.249388
2.354969
1.066550
1.373161
2.807158
1.108083
1.472769
2.413344
2.454648
1.097593
1.358647
1.301988
2.347134
2.870865
2.142823
2.260983
2.496273
2.316791
1.154881
2.650185
2.590600
1.380463
1.422256
2.156489
1.468099
1.978223
2.655693
1.706214
1.850460
1.317562
1.857074
1.637830
1.145304
1.500614
1.350448
2.047918
2.561133
1.608796
2.731377
2.170084
1.102949
2.028728
2.637722
2.180340
2.242325
2.221620
1.500701
1.377348
1.389525
1.850238
2.693584
1.682982
2.073975
2.817550
1.015843
2.439532
2.573934
2.694073
2.871832
1.393342
1.100148
2.935133
1.294516
1.202339
1.627509
2.143649
1.347436
1.255300
2.131000
1.824907
1.196677
1.113818
2.499765
1.215862
2.602673
2.922472
2.256719
2.563261
2.064968
1.989031
1.658707
1.868500
2.931410
1.901966
1.754783
1.563059
1.058344
2.343651
2.353229
2.504778
1.799630
2.112540
2.325135
2.223349
1.105407
2.240779
1.109139
1.315899
1.427446
1.804961
1.317444
2.809220
1.716558
2.316277
1.550680
2.060180
2.050025
2.755136
2.248083
2.164214
1.048591
2.231451
1.678593
2.383137
2.137927
1.558084
2.510891
2.593702
1.620613
1.164322
2.902521
1.559295
1.025148
1.346029
2.667928
1.405346
1.666876
2.463042
2.025738
1.415265
2.366426
2.969744
1.043456
2.829710
2.225242
1.003068
1.275580
1.630628
1.577320
2.012997
1.593723
1.966358
2.904834
1.750178
1.659867
1.791368
1.418040
1.314357
1.157230
2.146153
2.291897
2.286075
1.118815
1.521605
2.483183
2.309642
1.975730
1.215471
2.415856
2.538308
2.481693
2.994671
1.144311
2.562333
1.041292
1.243704
2.283489
2.558431
1.151962
2.240922
1.001738
1.257989
1.227962
2.876164
2.158757
1.645457
1.842786
1.093113
1.995472
1.553682
1.139210
1.212199
2.348189
1.056988
2.032330
1.079598
1.118473
2.031074
1.062322
1.553560
2.306920
2.423313
2.531900
2.237835
2.288028
1.378693
2.895899
2.687857
2.891528
2.275805
1.127762
2.199016
2.566296
2.087358
1.079379
1.340903
2.995662
1.639909
1.309718
1.264271
1.321064
2.181406
1.305575
1.761981
1.293403
1.601710
1.509619
2.014229
1.000419
1.033312
1.132039
2.537844
2.428589
2.428995
1.564578
2.404340
1.290290
2.342845
1.073013
2.764553
1.575530
1.100670
2.686088
2.603378
2.554112
2.649703
1.644660
2.421845
1.726898
2.094523
2.830739
2.693053
1.056546
2.256565
1.957760
2.255564
1.739733
1.308338
1.578553
1.190327
2.189710
1.039604
2.861435
2.987948
1.325892
2.931125
1.389065
2.590425
2.486265
2.029932
2.732132
2.867015
2.876093
1.612588
2.584308
2.342726
2.598139
1.451689
2.820787
2.592306
1.914865
1.804749
1.616890
2.867695
2.951683
2.362200
2.142856
1.178238
1.199330
1.919969
1.823231
2.213658
1.980662
2.964902
1.991123
2.582321
1.259814
2.743738
1.344414
2.280471
1.549819
2.868353
2.490392
2.566550
1.614447
2.619919
1.748398
2.583037
1.084414
2.316546
1.710919
2.662284
1.768459
1.303688
2.980398
2.654432
1.075628
1.015367
2.095782
2.519742
1.358193
1.198246
1.077600
1.124984
1.114187
1.774975
2.504785
2.622663
2.719266
2.004423
2.092368
1.697107
1.637879
1.133884
2.693385
1.671910
2.738889
1.523457
2.468893
2.311000
2.983153
2.608689
2.717300
2.864514
2.179657
2.631902
1.948597
1.323265
1.881961
1.490661
1.779998
2.257810
1.117091
1.042027
1.765281
1.104807
2.434364
2.703119
1.038124
1.416812
2.087376
2.095911
1.034432
1.337284
2.581078
1.708854
1.028458
2.750072
2.670422
2.580936
1.567114
2.613050
1.743018
1.430402
2.566073
1.764499
1.041829
1.153554
2.030685
2.714908
1.104855
2.308804
2.711254
1.884203
2.727325
2.015266
1.118228
2.261460
1.854408
2.387426
2.114615
1.134839
1.916628
1.983319
2.824386
1.891896
2.340960
1.104620
2.389571
2.645597
2.769528
1.838649
1.301619
2.323552
1.289002
2.107480
1.943513
2.224038
2.901762
1.574452
2.094323
2.741466
1.644724
2.066200
2.492422
2.290255
1.869063
2.912857
2.511491
2.269648
2.817991
1.447929
2.705291
1.050276
1.765836
1.530118
1.284731
1.520835
1.794793
1.605800
1.606069
2.369386
1.569402
1.217694
2.055135
2.246508
2.932377
1.733325
2.600049
1.663969
1.571954
2.707256
2.140891
2.904293
2.401517
1.113668
1.790201
1.559439
2.823323
1.894844
2.304911
1.934178
1.504811
2.234381
2.418689
1.760340
2.614227
1.935814
1.555119
1.667926
1.431954
2.929778
1.775234
2.032561
2.804071
1.704492
1.133699
1.319596
2.292918
1.262727
1.543158
2.956434
1.481841
2.667504
1.832716
2.867911
1.290273
2.785294
2.794358
2.549169
2.033222
2.051020
1.860358
1.209089
1.215735
1.373241
1.150001
1.172879
2.058396
1.913089
1.920165
2.962486
2.060524
2.287653
2.347009
2.841016
1.928317
2.980606
2.565302
2.221263
2.256833
2.121303
1.171020
1.137496
2.380636
1.173858
1.389977
1.661107
1.716973
1.111607
2.788973
2.623022
1.357659
1.079854
2.456674
1.490183
2.666966
2.815789
2.335672
2.756748
2.855113
1.732169
2.312752
2.539292
1.455299
2.318204
1.147749
2.251211
1.849689
1.360541
1.673860
2.454828
1.011063
2.636805
2.591624
2.947257
2.463780
1.520085
2.495780
2.104110
1.053712
2.161127
2.758510
2.670438
2.703360
2.125970
1.171681
1.184670
2.930079
1.266562
2.126376
2.591848
2.495647
2.634976
1.895625
1.745111
1.237569
1.052995
1.471869
1.712861
2.852896
2.658308
1.109512
1.790047
1.899262
2.947797
2.368510
1.720734
2.781440
1.810951
2.240062
2.256633
1.002948
1.518539
1.359596
2.897981
2.100766
2.743842
2.418715
2.795526
2.507994
1.309657
2.304333
2.111986
2.407718
1.123551
1.525788
2.806918
1.535724
2.755882
1.687865
2.771623
1.399190
2.994943
2.509285
1.537880
2.469597
2.029570
1.797701
2.750347
2.269854
1.169061
2.217187
1.411605
2.707820
2.433599
2.701975
1.604302
2.550777
1.132126
2.299307
1.780571
1.753237
1.868949
2.499581
1.175656
2.986302
1.532944
2.535852
2.686503
2.184348
2.031545
1.659858
1.851292
2.035484
1.413782
2.024136
1.769654
2.994304
2.789980
1.984001
1.502207
1.874549
2.254120
1.126545
2.104207
2.907180
1.798733
1.644492
1.559262
2.242443
2.505246
2.351230
2.437081
2.243885
2.820474
2.494057
2.166423
1.098730
1.956356
2.375492
2.952723
1.155319
2.059357
2.539555
2.078522
1.775305
1.332423
1.549909
1.817949
2.682238
2.288955
2.725975
1.388528
1.461493
2.812198
2.295598
1.923908
1.599840
1.519193
1.501164
1.007216
1.194674
1.681058
1.862629
2.300121
2.033103
2.487924
1.163265
1.832629
2.169955
2.659784
1.313119
2.308146
2.531597
1.085110
2.160138
1.234725
1.147120
1.018054
1.710743
2.242771
2.603362
1.633680
2.554248
2.084079
2.689830
1.661259
2.692884
1.503603
1.983528
2.537655
2.066196
1.446926
1.825453
1.037415
1.380664
1.631053
2.911774
2.632894
1.269775
1.990611
2.481831
2.586775
2.664231
2.168921
1.984177
2.779196
1.203698
2.470739
1.075777
2.904962
1.510357
1.503033
2.175996
1.513135
1.851543
2.508043
1.161003
1.753760
2.043499
1.133501
1.131512
1.046725
2.093390
1.875107
2.836286
1.562737
1.743439
2.375524
2.478850
2.355941
1.521587
2.535477
1.091462
1.320982
1.447317
2.276514
1.842104
1.144267
1.372965
1.011141
2.751446
1.773072
1.511979
2.358281
1.747598
2.152336
1.945070
1.867022
1.087857
1.828567
1.184780
2.469423
2.951512
1.368879
2.192591
1.816137
1.456354
2.006377
1.691082
2.214300
2.963573
1.300041
2.208242
1.716702
1.386622
1.489062
1.060469
2.593272
2.638171
1.851513
2.444715
1.039569
1.650191
1.487616
1.566042
1.256621
1.664134
2.580403
1.674875
1.145590
1.043538
2.064318
2.936062
1.179293
1.876068
2.154161
2.624425
1.430088
1.641484
1.388417
1.934439
2.607750
1.403555
2.196017
2.946744
2.926447
1.050792
2.783915
1.400498
2.201530
2.065569
2.553032
2.965249
2.792879
1.020166
2.781293
2.552556
2.776532
1.418654
2.353499
2.823564
1.966707
2.863296
1.507286
1.808846
2.133009
2.783353
1.374028
2.653817
1.014533
2.791430
2.859736
1.131283
2.942438
2.467715
2.096223
1.325251
2.211524
2.266827
2.869204
2.526282
1.109254
2.844932
1.395700
2.616404
2.075416
2.926185
1.386517
2.163761
2.497109
1.017260
2.943648
2.347203
1.167893
1.996945
2.397824
1.931515
2.518717
2.877117
2.968664
2.585141
2.606199
2.542684
1.114068
1.871150
1.394252
2.996382
2.570070
2.785065
2.086152
2.078492
1.083867
2.632639
1.120049
1.858932
2.865415
1.377099
2.565692
2.060348
1.375379
1.124462
1.599166
2.302644
1.253538
2.888692
2.244065
2.953912
2.817342
1.896629
2.761568
1.363789
2.619925
2.962648
2.272909
1.419313
2.346988
2.211310
1.245120
1.485140
1.036994
2.998648
1.305540
1.553312
2.088217
2.352377
2.244750
1.953637
2.754778
2.812273
2.969585
2.599913
1.388078
2.959470
2.555524
2.971858
2.218152
1.547982
2.891532
2.957374
1.649101
1.290467
1.315892
1.277011
2.649475
1.957329
2.793513
2.020270
2.420498
1.606640
1.190108
2.497343
2.161007
1.929921
1.599389
1.589713
2.231903
1.859565
1.784638
2.561238
1.330254
1.212251
2.127575
1.574326
1.916809
1.275114
2.075682
1.802366
2.743810
1.571532
2.294634
2.878377
1.028255
2.976489
1.046309
1.369480
2.711455
2.041382
1.359702
1.672053
1.123592
1.928495
2.619190
2.702509
1.555654
1.088689
1.121577
1.266047
2.162723
2.704696
1.674454
1.196348
2.524521
1.764903
2.275522
1.572145
2.658398
1.396686
2.432948
2.739458
1.224373
2.155586
2.831685
1.921405
2.098989
1.390510
1.436587
1.704214
2.900510
2.647909
2.275639
2.476966
1.353454
1.608442
1.128955
1.846441
2.973264
2.094767
2.125213
1.872627
2.234171
1.062242
2.746651
2.442757
1.717157
1.105932
2.540877
2.713626
2.426246
1.634942
2.937011
2.591392
1.669364
2.875069
1.662387
1.156029
1.116821
2.725856
2.580433
1.690836
2.164131
1.451971
1.590929
2.582309
2.953564
2.809245
2.210530
2.408457
2.449483
2.778726
2.110891
1.131334
2.485360
2.127516
1.763471
1.987725
2.330466
1.425636
1.223792
1.188122
1.929595
2.502781
1.075197
2.781737
1.754253
2.557349
1.420471
2.457695
2.303260
2.919858
2.718633
1.566388
2.445123
2.588337
1.347285
1.852345
1.395665
1.121486
1.374547
2.976591
1.777226
2.497624
1.669656
2.610121
2.897684
1.339352
2.563284
2.143909
1.340816
2.073430
1.392368
2.882293
1.985680
2.172017
2.600139
2.209426
2.528762
2.472233
1.259239
2.685796
1.676134
2.319183
2.007033
2.575545
2.023854
1.187709
2.175204
1.459843
1.052611
2.354440
2.118963
1.898614
1.748912
2.155529
2.506987
1.902015
1.684752
1.819478
1.873238
2.832108
2.027235
1.191497
2.555290
1.602805
2.255031
1.697756
2.484152
1.291865
1.977297
1.686703
1.140273
2.263932
1.461546
1.821590
2.480140
1.820729
2.203821
2.344545
1.595549
1.085791
1.680532
2.885315
1.703715
1.472390
1.055726
1.827337
1.315430
2.729048
2.211586
1.905250
2.497334
2.911044
2.454093
1.904991
1.827479
2.938650
2.053282
2.522088
2.423104
1.458636
2.438603
2.149345
1.446476
2.136362
1.304485
1.459995
2.033376
2.201259
2.764712
1.647301
1.749556
1.581271
1.839286
1.530049
1.689373
1.438828
1.417250
2.943665
2.128205
2.154211
2.481555
2.577092
1.087342
2.150091
1.104049
2.336811
2.712669
2.925396
2.092170
1.118605
2.511649
1.988368
1.429726
2.887435
2.425640
1.456538
2.361926
2.045621
1.439169
1.045009
1.879531
1.077654
2.479501
1.428039
1.909146
2.309308
2.030349
2.612638
2.080157
1.509365
2.305102
2.574053
2.883962
1.007609
2.111773
2.510035
1.751950
1.689817
2.015908
2.070578
1.749677
1.674984
2.129044
2.921925
2.382486
1.184557
1.510025
1.066632
1.493260
2.455911
1.376999
2.034358
1.056841
2.264847
2.498383
1.989916
1.795591
1.464401
1.152877
2.472656
1.604988
2.086160
1.611760
2.839663
1.026558
2.846274
1.116603
2.372042
2.998684
1.764650
2.167318
2.675859
1.439380
1.054365
1.451709
2.826052
2.365743
1.383021
1.839647
2.621161
2.368044
1.870476
1.894932
2.643721
2.163860
1.783216
2.857430
2.204869
1.745196
1.904719
2.310741
2.270619
2.546584
1.133134
1.367264
1.199260
1.217403
1.569284
1.776602
2.604178
1.598538
2.043616
2.020346
2.164654
1.415159
1.214359
1.646072
2.016367
2.981638
2.507164
2.798425
2.645080
2.716367
2.783543
2.733511
2.360343
2.380539
1.388476
1.053670
1.629748
2.654455
1.231202
2.404815
1.968920
2.909283
1.569733
2.339772
2.207862
2.438591
2.139008
2.819293
1.951782
2.226491
1.611642
2.464569
1.307265
1.955972
1.015119
1.381095
1.257286
2.744894
2.086607
2.720491
2.414926
1.472171
2.911442
2.453141
1.372987
1.317596
2.661155
2.129650
2.537551
1.244080
1.725886
1.065159
2.043781
2.997817
2.474791
2.658088
2.477355
1.366666
2.001756
1.786959
1.433233
1.777085
1.822825
1.240491
2.624174
1.904316
1.151299
1.612353
2.938258
2.583375
2.274852
2.908574
2.840185
1.613048
2.824658
1.029276
2.626705
2.175676
2.846195
1.899051
2.695953
1.075247
2.454178
1.581665
2.032317
1.093817
1.144865
1.222767
2.855284
2.793088
2.131468
2.024848
1.320824
1.575812
1.129172
2.320323
2.157999
2.230925
1.366855
2.036649
2.914182
1.022833
1.305747
2.604540
1.412862
1.162881
1.010894
2.668808
2.502367
2.862528
2.055196
2.499184
2.280712
1.009850
2.181760
2.812562
2.386547
1.786454
2.603271
1.281980
2.311396
1.729295
1.227046
2.553006
2.717829
1.306838
1.363211
1.978341
2.001163
2.798679
1.883867
2.642037
2.117683
2.144142
2.357203
2.438580
2.331538
2.166284
2.407413
1.009834
2.272792
1.821684
2.829446
2.128108
2.664979
1.567682
2.863719
1.580976
2.469238
1.469936
2.293775
2.271934
1.592699
1.159310
2.074623
2.872434
2.280601
1.733521
1.661026
2.604842
1.639321
2.478585
1.129401
1.008457
1.156107
2.641773
1.518721
1.994559
2.096115
2.054071
2.926055
1.498984
1.157897
1.611103
2.293346
1.756551
1.011948
1.652059
1.560392
2.517716
2.059385
1.396900
1.985035
2.191955
1.586981
2.890749
2.127242
2.311803
2.030791
1.956737
1.103973
1.261758
1.261318
2.637082
2.186392
2.847906
2.284454
1.367364
1.267964
1.356469
2.676200
2.855591
1.333635
2.812630
2.508919
1.154475
1.799583
2.178197
2.590816
1.969337
2.662192
2.902103
1.848215
2.774561
2.172685
2.848041
1.274487
1.485371
2.319677
2.981680
1.156820
1.127884
1.483711
1.945089
1.708624
1.105049
1.707209
2.318360
2.220417
2.351555
2.176829
1.754317
2.221636
2.467786
1.811316
1.843312
1.657975
2.474008
2.769216
1.867398
1.651391
1.174542
1.686011
1.473331
2.568207
1.113805
1.567178
1.043381
1.626625
2.340895
2.053804
1.128100
1.737660
1.833922
1.163025
2.301791
2.749590
1.485344
1.919685
1.553568
1.125338
2.401628
2.484811
1.350317
1.760530
2.075631
1.599480
1.043022
2.878701
2.796422
2.474616
1.273840
2.186709
2.755759
2.558550
2.610948
2.883798
2.114091
1.172632
1.926947
2.281399
1.599082
1.756186
1.802573
1.078415
2.587367
1.902308
2.592986
1.341282
2.754033
1.632007
1.541179
1.067595
1.732766
2.850741
2.436851
2.457966
2.812517
1.170586
1.353311
2.673317
2.574447
2.464861
1.075024
1.459073
2.547611
1.170707
1.099194
1.076795
1.368491
2.276122
1.678793
2.405272
1.840095
2.795084
1.297007
1.457589
1.642914
1.037256
1.687756
2.019216
2.724154
1.821703
1.645432
1.354360
2.387941
2.376881
2.189925
2.222473
1.271575
1.682658
1.843920
2.311984
1.595655
1.098505
2.879677
1.684462
2.395463
1.101354
2.214291
2.696407
1.165303
1.633458
1.678511
1.737299
1.179140
1.420994
1.532971
2.769300
1.202569
2.746368
1.853966
1.895038
1.516425
2.471693
2.846336
1.934767
1.708311
2.502415
1.725717
2.419896
2.332375
2.970713
2.038937
1.578312
2.835659
1.819389
1.016474
1.481593
2.810334
2.686936
1.508606
2.131246
2.302664
1.041264
1.191747
1.327664
2.751285
1.662793
1.965974
2.612745
1.856212
1.369308
1.044967
1.597365
2.677987
2.616080
1.595086
1.766474
1.880585
1.843490
1.421839
2.690667
1.042873
1.399490
1.430025
1.651634
1.953246
1.107210
2.220584
1.991986
2.965415
2.078903
1.476222
1.099443
2.610025
1.193151
2.303572
1.452179
1.464077
2.355949
1.706257
1.218595
1.100019
2.907440
2.168024
2.461639
1.170109
2.673667
2.190855
1.822268
1.511403
2.227687
1.789202
1.349691
1.086342
2.531984
2.469355
2.738050
2.232429
2.350071
1.200482
1.484455
2.195075
1.827920
2.588870
2.252718
2.019905
1.788969
1.236281
1.000232
1.846031
2.989994
1.372487
2.418804
2.074121
1.779302
1.565884
2.363680
1.746712
2.554738
1.822661
2.674693
2.813861
1.076260
1.360449
1.605762
2.991300
2.535697
2.214901
2.619365
1.345052
2.931528
2.634354
1.706329
2.976891
1.664003
1.078604
1.365117
2.269876
2.607124
1.086780
1.558507
2.154865
2.313170
2.525368
1.945328
1.544131
1.475539
1.921389
2.566469
2.487233
1.900801
1.379458
2.869824
2.569750
1.451820
2.212194
2.601951
1.362036
2.012213
1.529806
2.890401
1.719745
2.498519
2.479375
2.849377
2.992111
1.032131
2.287994
1.528019
1.194349
1.452574
2.302067
