Elevation of a subset of glaciers in units of meters
5040.0
4120.0
5120.0
5000.0
2480.0
2740.0
2800.0
2600.0
2648.0
3000.0
3080.0
2960.0
2740.0
2900.0
3180.0
2820.0
2720.0
2760.0
2800.0
3120.0
2580.0
2830.0
3160.0
4980.0
4650.0
5740.0
5760.0
6100.0
5220.0
5250.0
5720.0
5240.0
5680.0
5300.0
5460.0
5350.0
4710.0
5160.0
4498.0
5800.0
4340.0
5700.0
5310.0
4612.0
5160.0
5480.0
5480.0
4920.0
5790.0
4910.0
4320.0
6070.0
4530.0
5440.0
6030.0
5670.0
5548.0
5405.0
5740.0
5793.0
5910.0
6219.0
5950.0
5100.0
5000.0
5520.0
5240.0
5840.0
5495.0
5750.0
5820.0
5800.0
5080.0
5000.0
5190.0
4932.0
5330.0
5300.0
5300.0
5360.0
5660.0
5650.0
5615.0
5680.0
5530.0
5540.0
5580.0
5840.0
5770.0
5908.0
5450.0
5710.0
5540.0
5516.0
5480.0
4995.0
5614.0
5310.0
5820.0
5640.0
5800.0
5600.0
5718.0
5710.0
5560.0
5480.0
5800.0
5740.0
5620.0
5620.0
5560.0
5760.0
5500.0
5720.0
5630.0
5640.0
5580.0
5540.0
5550.0
5995.0
5880.0
6057.0
5830.0
5880.0
5860.0
5730.0
5660.0
5660.0
5760.0
5850.0
5780.0
5720.0
5780.0
5850.0
5540.0
5530.0
5800.0
5515.0
5465.0
5680.0
5400.0
5630.0
5470.0
5470.0
5570.0
5450.0
5818.0
5930.0
5380.0
5650.0
5680.0
5898.0
5250.0
5500.0
5380.0
5570.0
5820.0
5760.0
5690.0
5690.0
5750.0
5794.0
5720.0
5830.0
5789.0
5665.0
5860.0
5740.0
5690.0
5870.0
5820.0
5632.0
5780.0
5627.0
5600.0
5578.0
5750.0
5870.0
5655.0
5955.0
5680.0
5718.0
5900.0
5560.0
5453.0
5780.0
5820.0
5110.0
5600.0
5640.0
5650.0
5830.0
5790.0
5674.0
5790.0
5630.0
5578.0
5476.0
5590.0
5627.0
5736.0
5610.0
5535.0
5430.0
5770.0
5680.0
5680.0
5655.0
5640.0
5560.0
5060.0
5579.0
5810.0
5919.0
5698.0
5280.0
5230.0
3540.0
3520.0
3580.0
3600.0
3284.0
3380.0
3580.0
3320.0
3440.0
3260.0
3670.0
3420.0
3900.0
3620.0
3540.0
3580.0
3600.0
3600.0
3480.0
3520.0
3600.0
3400.0
3580.0
3650.0
3500.0
3560.0
3580.0
3680.0
3660.0
3480.0
3440.0
3520.0
3680.0
3400.0
3500.0
3420.0
3710.0
3880.0
3680.0
3540.0
3660.0
3700.0
3540.0
3480.0
3640.0
3900.0
3420.0
3020.0
3080.0
3480.0
3960.0
3560.0
3500.0
3460.0
3540.0
3920.0
3620.0
3580.0
3780.0
3900.0
3800.0
3800.0
3800.0
3740.0
3820.0
3340.0
3560.0
3340.0
3420.0
3780.0
3640.0
3650.0
3640.0
3800.0
3740.0
5120.0
4960.0
4960.0
4800.0
4820.0
5020.0
4500.0
4780.0
5040.0
4870.0
5120.0
4920.0
5240.0
4860.0
5040.0
5040.0
5160.0
5200.0
5200.0
5140.0
5480.0
5240.0
5400.0
5640.0
5355.0
5300.0
5240.0
5720.0
5410.0
4720.0
4840.0
5760.0
5680.0
5670.0
5560.0
4560.0
4720.0
4340.0
5200.0
5060.0
5000.0
5120.0
5080.0
5400.0
5520.0
5480.0
5640.0
5210.0
5980.0
5280.0
5520.0
5240.0
5640.0
5280.0
5480.0
5500.0
5630.0
5160.0
5660.0
5850.0
5460.0
5340.0
5670.0
5480.0
6080.0
5400.0
5680.0
5600.0
5500.0
5280.0
5360.0
5380.0
5350.0
5360.0
5480.0
5400.0
5600.0
5840.0
5520.0
5640.0
5390.0
5600.0
5560.0
5590.0
5440.0
5640.0
5640.0
5110.0
5220.0
5280.0
5040.0
5240.0
5160.0
5200.0
5020.0
4540.0
4600.0
4630.0
4430.0
4730.0
4780.0
4680.0
4800.0
4770.0
4800.0
5220.0
5030.0
5580.0
4780.0
4960.0
5780.0
5520.0
5460.0
5180.0
5660.0
5200.0
5600.0
5480.0
5440.0
5300.0
5750.0
5700.0
5760.0
5670.0
5720.0
5760.0
5400.0
5540.0
5640.0
5540.0
5410.0
5540.0
5550.0
5630.0
5320.0
5400.0
5360.0
5560.0
5640.0
5240.0
5280.0
5570.0
5520.0
5030.0
5480.0
4920.0
5045.0
5140.0
4960.0
5140.0
4960.0
5400.0
5110.0
5520.0
5010.0
5080.0
5240.0
5040.0
4840.0
4760.0
4940.0
5080.0
4840.0
5440.0
4760.0
5460.0
4810.0
4840.0
4730.0
4940.0
4900.0
4940.0
4960.0
4520.0
4590.0
5080.0
4980.0
4720.0
5100.0
4840.0
5160.0
5190.0
5160.0
4860.0
5040.0
5200.0
5420.0
5370.0
5600.0
5410.0
5430.0
5290.0
5480.0
5340.0
5240.0
5400.0
5310.0
5280.0
4680.0
5480.0
5140.0
6180.0
5200.0
5360.0
5440.0
5460.0
5260.0
5090.0
5040.0
5320.0
4940.0
5200.0
4680.0
5000.0
5060.0
4830.0
5320.0
5060.0
4920.0
4720.0
5230.0
4680.0
5000.0
4790.0
4960.0
4740.0
4700.0
4720.0
4900.0
4900.0
5040.0
4800.0
4860.0
4760.0
4740.0
4400.0
4200.0
4640.0
4761.0
5240.0
3680.0
4600.0
4140.0
4160.0
3860.0
4200.0
4329.0
4900.0
3300.0
4500.0
4020.0
4194.0
4000.0
4400.0
4000.0
3840.0
4100.0
4180.0
4320.0
3700.0
4000.0
4400.0
4160.0
4480.0
4011.0
4040.0
4580.0
4780.0
4440.0
4120.0
3540.0
5720.0
4420.0
4090.0
4500.0
4660.0
5050.0
4700.0
3500.0
3650.0
3900.0
3600.0
3880.0
3300.0
4000.0
3760.0
4020.0
3700.0
3480.0
3820.0
3880.0
3660.0
3800.0
3720.0
3760.0
3620.0
3680.0
3680.0
3690.0
3540.0
3600.0
3620.0
3940.0
3720.0
3740.0
3650.0
3480.0
3800.0
3720.0
3770.0
3680.0
3690.0
3520.0
3740.0
3860.0
3560.0
3700.0
4200.0
3920.0
3720.0
3860.0
3900.0
3890.0
3900.0
3490.0
3510.0
3630.0
3670.0
3790.0
3680.0
4010.0
3700.0
3660.0
3670.0
3730.0
3680.0
3430.0
3780.0
3731.0
3720.0
4100.0
3510.0
4160.0
3480.0
3540.0
3570.0
3160.0
4350.0
3850.0
4180.0
3670.0
3850.0
3900.0
3640.0
3990.0
4080.0
3600.0
3760.0
3880.0
3820.0
3520.0
3810.0
3700.0
3980.0
3660.0
3540.0
3900.0
3760.0
3740.0
3710.0
3610.0
3840.0
3760.0
3980.0
3780.0
3900.0
3780.0
4400.0
3600.0
3610.0
3700.0
3876.0
3790.0
4010.0
3580.0
4260.0
3830.0
4080.0
4120.0
3500.0
3540.0
3620.0
4160.0
3899.0
4410.0
4110.0
3490.0
3980.0
4460.0
3940.0
3730.0
3560.0
3980.0
3600.0
3480.0
3600.0
4020.0
3650.0
3220.0
3820.0
3460.0
3740.0
3820.0
3880.0
3500.0
3660.0
3420.0
3920.0
3720.0
3500.0
3380.0
3420.0
3500.0
3520.0
3420.0
3440.0
3530.0
3720.0
3400.0
3330.0
3600.0
3600.0
3550.0
3770.0
3710.0
3940.0
3650.0
3860.0
4600.0
3900.0
3770.0
3900.0
3640.0
5080.0
5070.0
5200.0
4880.0
5010.0
5130.0
4960.0
4960.0
5200.0
5400.0
5100.0
5250.0
5720.0
5470.0
5680.0
5590.0
5670.0
5560.0
5670.0
5600.0
5540.0
5550.0
5670.0
5560.0
5660.0
5940.0
5460.0
6020.0
5800.0
5740.0
5685.0
5660.0
5800.0
5720.0
5720.0
5680.0
5630.0
5790.0
5950.0
5950.0
5760.0
5880.0
5700.0
5880.0
5760.0
6040.0
5710.0
5720.0
5920.0
5820.0
6040.0
5800.0
5800.0
5840.0
5740.0
5790.0
5510.0
5720.0
5720.0
5760.0
5800.0
5750.0
5640.0
5820.0
6040.0
5960.0
5800.0
5780.0
5920.0
5760.0
6000.0
5470.0
5440.0
5230.0
5840.0
5400.0
5670.0
5360.0
5600.0
5770.0
6000.0
6200.0
5600.0
5500.0
5740.0
5720.0
6160.0
6060.0
5900.0
5620.0
5780.0
5710.0
5730.0
5840.0
5440.0
5880.0
5770.0
5920.0
5580.0
5590.0
5740.0
5530.0
5740.0
5550.0
5760.0
5640.0
5980.0
6150.0
5800.0
5740.0
5820.0
6000.0
5600.0
5710.0
5360.0
5420.0
5620.0
5580.0
5520.0
5540.0
5630.0
6080.0
4980.0
4580.0
5160.0
4620.0
4860.0
5050.0
5120.0
5180.0
5200.0
5590.0
5120.0
5810.0
4360.0
4080.0
4290.0
4380.0
5360.0
5220.0
4540.0
5440.0
4840.0
5430.0
5690.0
5340.0
4770.0
3740.0
5080.0
5150.0
4800.0
5030.0
4330.0
3760.0
4650.0
5330.0
4970.0
5050.0
4890.0
4640.0
4680.0
5180.0
5180.0
4410.0
6360.0
4640.0
5400.0
5200.0
5360.0
5420.0
5320.0
5280.0
5240.0
5400.0
4960.0
4800.0
5000.0
5200.0
5560.0
4480.0
5160.0
5040.0
4820.0
4100.0
4240.0
3920.0
5100.0
5120.0
5180.0
4880.0
5260.0
4600.0
4840.0
5060.0
5300.0
3993.0
4542.0
5669.0
4694.0
4999.0
5105.0
5006.0
4862.0
5730.0
5418.0
4907.0
4846.0
4572.0
5060.0
4816.0
4755.0
4740.0
5044.0
5121.0
5395.0
5243.0
5182.0
5212.0
5639.0
5547.0
5547.0
4938.0
4267.0
5090.0
5151.0
5425.0
5273.0
5486.0
4999.0
4999.0
4572.0
4968.0
5395.0
5273.0
4206.0
4816.0
2865.0
4877.0
5364.0
5029.0
5364.0
5395.0
5029.0
6157.0
6553.0
5547.0
5913.0
4481.0
5151.0
5182.0
4999.0
3414.0
4511.0
4816.0
5334.0
4846.0
5486.0
5578.0
5273.0
5456.0
5304.0
4816.0
5182.0
5121.0
5395.0
