2.000000000000000000e+00 1.253549843025486277e-01
8.000000000000000000e+00 7.510416382202670348e-03
3.000000000000000000e+00 5.659342015916127983e-02
5.000000000000000000e+00 1.459763408627221815e-01
3.000000000000000000e+00 1.161599432934415366e-02
2.000000000000000000e+00 1.165514196907551231e-01
3.000000000000000000e+00 4.674836293598449988e-02
4.000000000000000000e+00 1.786277769125891590e-01
6.000000000000000000e+00 4.866603339702581243e-02
4.000000000000000000e+00 6.638696384395001426e-02
6.000000000000000000e+00 2.863488099690112212e-02
1.000000000000000000e+00 5.459717083732164994e-02
4.000000000000000000e+00 1.798075761091005587e-01
4.000000000000000000e+00 5.477665231704292176e-02
6.000000000000000000e+00 7.772088126372753147e-02
3.000000000000000000e+00 5.610737381522312023e-02
4.000000000000000000e+00 1.148108047657824121e-01
7.000000000000000000e+00 3.920561094769464683e-02
5.000000000000000000e+00 4.147073651401926575e-02
1.000000000000000000e+00 4.233267572072139245e-02
4.000000000000000000e+00 9.939596950419216093e-02
5.000000000000000000e+00 2.048231617714614192e-02
2.000000000000000000e+00 9.605892390176745677e-02
3.000000000000000000e+00 1.221744761660340656e-01
1.000000000000000000e+00 3.135939634638729850e-02
2.000000000000000000e+00 1.518984601829544701e-01
5.000000000000000000e+00 1.010348667705598530e-01
1.000000000000000000e+00 3.566362357197910837e-02
7.000000000000000000e+00 4.941800111268872253e-02
4.000000000000000000e+00 1.888204457636734057e-01
8.000000000000000000e+00 1.948751660849659326e-02
1.000000000000000000e+00 2.614674460763288105e-02
7.000000000000000000e+00 1.081208158791041249e-02
3.000000000000000000e+00 1.703662279048464012e-01
2.000000000000000000e+00 3.577551703852656709e-03
5.000000000000000000e+00 4.806305915703774218e-02
5.000000000000000000e+00 1.427855313069129571e-02
2.000000000000000000e+00 6.542716339336331066e-02
2.000000000000000000e+00 4.622779317061845999e-02
2.000000000000000000e+00 8.901818518720068518e-02
2.000000000000000000e+00 1.520038249872555647e-01
6.000000000000000000e+00 7.972450834147173926e-02
1.000000000000000000e+00 1.061125927907266737e-02
5.000000000000000000e+00 3.687704874695212076e-02
7.000000000000000000e+00 2.709151403610920647e-02
1.000000000000000000e+00 2.560948414823138036e-02
3.000000000000000000e+00 1.847556393684604862e-03
1.000000000000000000e+00 4.478322650193108934e-02
0.000000000000000000e+00 5.419430647985229096e-03
6.000000000000000000e+00 4.941346542721154755e-02
6.000000000000000000e+00 6.219949503761500881e-02
5.000000000000000000e+00 1.023404599650890728e-01
2.000000000000000000e+00 1.510448843137845998e-01
4.000000000000000000e+00 5.686115790905879250e-03
6.000000000000000000e+00 3.341324721563306704e-02
2.000000000000000000e+00 2.603567756941620528e-02
4.000000000000000000e+00 1.237827257017984767e-01
2.000000000000000000e+00 3.066240220837385816e-02
4.000000000000000000e+00 3.638467799165936989e-02
5.000000000000000000e+00 1.189247312715047689e-01
3.000000000000000000e+00 6.797575755334755998e-02
1.000000000000000000e+00 1.188079365185393949e-03
1.000000000000000000e+00 7.671835337278083700e-02
6.000000000000000000e+00 6.929373421316450954e-02
2.000000000000000000e+00 8.904006616230859816e-02
7.000000000000000000e+00 3.763062543524821248e-03
0.000000000000000000e+00 1.849600754527698857e-03
7.000000000000000000e+00 3.877716710669387723e-02
4.000000000000000000e+00 1.362458914954061129e-01
3.000000000000000000e+00 1.986747413169815679e-01
1.200000000000000000e+01 3.069664991780830256e-04
2.000000000000000000e+00 7.841024556867230710e-02
5.000000000000000000e+00 6.122566096444045924e-02
3.000000000000000000e+00 1.263418889806626477e-01
3.000000000000000000e+00 1.616984426524257779e-01
4.000000000000000000e+00 6.419861875383514604e-02
5.000000000000000000e+00 9.927341386270634171e-02
4.000000000000000000e+00 7.429591940802388050e-02
4.000000000000000000e+00 1.539187792878966843e-01
2.000000000000000000e+00 3.853243216255439196e-02
9.000000000000000000e+00 1.324499912886421436e-03
7.000000000000000000e+00 1.008041905821752821e-02
5.000000000000000000e+00 5.776887199016032814e-02
2.000000000000000000e+00 1.524980035631179620e-01
1.000000000000000000e+00 1.005079402385810304e-02
4.000000000000000000e+00 9.366708276450878834e-02
4.000000000000000000e+00 7.083612885777039458e-02
4.000000000000000000e+00 1.646874821540500744e-01
7.000000000000000000e+00 4.350899142407878978e-02
8.000000000000000000e+00 1.729337364430750396e-02
3.000000000000000000e+00 1.922138998486559447e-01
6.000000000000000000e+00 5.154951793011626482e-02
3.000000000000000000e+00 1.005690896964872155e-01
2.000000000000000000e+00 1.346127565089076834e-02
3.000000000000000000e+00 1.278893160636933313e-01
2.000000000000000000e+00 6.413282200619127571e-02
3.000000000000000000e+00 1.732536065943200698e-01
2.000000000000000000e+00 1.289424407338085055e-01
4.000000000000000000e+00 1.451033978319349327e-01
5.000000000000000000e+00 1.308942164524800611e-01
4.000000000000000000e+00 2.580904571999514605e-02
4.000000000000000000e+00 1.207489864964079729e-01
3.000000000000000000e+00 1.031091883579188517e-01
6.000000000000000000e+00 1.349858329890596224e-02
2.000000000000000000e+00 1.476778364750315486e-01
3.000000000000000000e+00 7.315778812723570945e-02
3.000000000000000000e+00 1.424988133453940486e-01
4.000000000000000000e+00 1.088349900829081451e-01
4.000000000000000000e+00 2.193406275006790085e-02
5.000000000000000000e+00 9.396866732593137095e-02
2.000000000000000000e+00 4.450896612891790810e-02
2.000000000000000000e+00 5.859281415007734639e-02
2.000000000000000000e+00 1.592204917056569760e-02
2.000000000000000000e+00 1.025077601464260552e-01
7.000000000000000000e+00 1.433567011973314181e-02
6.000000000000000000e+00 4.093498673313737679e-02
3.000000000000000000e+00 4.432939908572867960e-02
6.000000000000000000e+00 8.902202676986580021e-02
3.000000000000000000e+00 6.637983553558823857e-03
4.000000000000000000e+00 1.375480983793204437e-01
1.000000000000000000e+00 6.760771456591667394e-02
3.000000000000000000e+00 1.070561386694030698e-01
3.000000000000000000e+00 9.015342029953792025e-02
2.000000000000000000e+00 2.240147063037754155e-02
3.000000000000000000e+00 6.706792021964110007e-02
5.000000000000000000e+00 1.662860104653086923e-02
2.000000000000000000e+00 4.001595420616906734e-02
4.000000000000000000e+00 9.710840984211388527e-02
5.000000000000000000e+00 5.480669403808639123e-02
4.000000000000000000e+00 1.933935304736096872e-01
4.000000000000000000e+00 1.285100158364031186e-01
3.000000000000000000e+00 4.881799987594642037e-02
8.000000000000000000e+00 1.239488306272275818e-02
2.000000000000000000e+00 3.966521245950979657e-02
5.000000000000000000e+00 4.360091566127365786e-02
3.000000000000000000e+00 1.800624965702013192e-01
4.000000000000000000e+00 1.833042361819762489e-01
4.000000000000000000e+00 1.303869261060457418e-01
4.000000000000000000e+00 5.618122295538295619e-02
4.000000000000000000e+00 1.887886615362286413e-01
3.000000000000000000e+00 5.926942304390159927e-02
2.000000000000000000e+00 1.568642492486980455e-01
3.000000000000000000e+00 2.042742166038628016e-01
6.000000000000000000e+00 7.097519708690323489e-03
4.000000000000000000e+00 2.052028979113126178e-02
4.000000000000000000e+00 7.892676076806341701e-02
9.000000000000000000e+00 6.577904961031810424e-03
4.000000000000000000e+00 2.791575639783242316e-02
6.000000000000000000e+00 4.980097930308154119e-02
6.000000000000000000e+00 4.484149355589930191e-02
8.000000000000000000e+00 1.856026409689988388e-02
6.000000000000000000e+00 3.692796505018064446e-02
3.000000000000000000e+00 9.378299824103966675e-02
3.000000000000000000e+00 1.370572059938412468e-01
1.000000000000000000e+00 5.698004654819290027e-02
3.000000000000000000e+00 1.119607323932317322e-01
3.000000000000000000e+00 5.097703406914734503e-02
3.000000000000000000e+00 1.772814375962775413e-01
4.000000000000000000e+00 4.100784722936564458e-02
4.000000000000000000e+00 1.261040607235472677e-01
3.000000000000000000e+00 1.884360234814598245e-01
3.000000000000000000e+00 1.441661763693021792e-01
5.000000000000000000e+00 5.160989968414720491e-02
7.000000000000000000e+00 4.388872643519840105e-02
3.000000000000000000e+00 1.581595622745117502e-01
5.000000000000000000e+00 1.177964040036467708e-01
4.000000000000000000e+00 1.830763987191082742e-01
3.000000000000000000e+00 1.909037452876461149e-01
4.000000000000000000e+00 9.898856592440981317e-02
4.000000000000000000e+00 1.854044341524582057e-02
6.000000000000000000e+00 4.073404161232984516e-02
2.000000000000000000e+00 7.750901909277466140e-02
7.000000000000000000e+00 1.007108050114162781e-02
5.000000000000000000e+00 1.024447622621661724e-01
7.000000000000000000e+00 3.782822557367980509e-02
2.000000000000000000e+00 1.599476782898355542e-01
2.000000000000000000e+00 2.367373512074413822e-02
3.000000000000000000e+00 8.109084109291476994e-02
4.000000000000000000e+00 3.942381370587810102e-02
3.000000000000000000e+00 1.112424034891560803e-01
6.000000000000000000e+00 7.490513067308568473e-02
4.000000000000000000e+00 1.242185604056965376e-01
3.000000000000000000e+00 1.450382867227991146e-01
5.000000000000000000e+00 1.002388778438870337e-01
5.000000000000000000e+00 3.206242601675990400e-02
2.000000000000000000e+00 1.274568071387453538e-01
3.000000000000000000e+00 2.446379090749957116e-02
3.000000000000000000e+00 1.358742916049424654e-01
5.000000000000000000e+00 1.387124830839543133e-01
4.000000000000000000e+00 1.394385764115049775e-01
1.000000000000000000e+00 6.458037693782740785e-02
8.000000000000000000e+00 2.252608351639080395e-02
0.000000000000000000e+00 4.913532978157632986e-03
1.000000000000000000e+00 5.069877058631683253e-02
7.000000000000000000e+00 1.404867951900808966e-02
1.000000000000000000e+00 3.830975978109211338e-02
4.000000000000000000e+00 1.520980682261278694e-01
2.000000000000000000e+00 1.151973567816849120e-01
3.000000000000000000e+00 1.593048644607032716e-01
5.000000000000000000e+00 7.876901143985465259e-02
6.000000000000000000e+00 1.755335267666518345e-02
4.000000000000000000e+00 1.079754351004920676e-01
4.000000000000000000e+00 1.294850050274611863e-01
4.000000000000000000e+00 4.259817646362152981e-03
4.000000000000000000e+00 4.095492369659204518e-02
5.000000000000000000e+00 1.446870037783880569e-01
2.000000000000000000e+00 1.162627229752051516e-01
1.000000000000000000e+00 7.112412283489022435e-02
5.000000000000000000e+00 8.430240241217687447e-02
6.000000000000000000e+00 5.798157191930908283e-02
7.000000000000000000e+00 2.831054369746586682e-02
1.000000000000000000e+00 4.168780813601006413e-02
4.000000000000000000e+00 2.622630537589241972e-02
3.000000000000000000e+00 1.087200185486723730e-01
3.000000000000000000e+00 7.396579856026554156e-02
2.000000000000000000e+00 3.282307261593297998e-02
2.000000000000000000e+00 7.290953577612727110e-02
2.000000000000000000e+00 1.584488295133011648e-01
3.000000000000000000e+00 1.189263467184988043e-01
6.000000000000000000e+00 6.123053508852786819e-02
6.000000000000000000e+00 3.854119811972876036e-02
4.000000000000000000e+00 2.243096836097580385e-02
1.000000000000000000e+00 3.999146309425271467e-02
4.000000000000000000e+00 8.978649994786551403e-02
2.000000000000000000e+00 9.710725390528086864e-02
2.000000000000000000e+00 1.348678088114441120e-01
4.000000000000000000e+00 1.033474846132180353e-01
3.000000000000000000e+00 1.876448765539037444e-01
3.000000000000000000e+00 1.125075689755697522e-01
6.000000000000000000e+00 2.395609477972641260e-02
3.000000000000000000e+00 1.541569620938799401e-01
6.000000000000000000e+00 1.866955020383592040e-02
4.000000000000000000e+00 8.907107275891325282e-02
2.000000000000000000e+00 1.143597606990302135e-01
7.000000000000000000e+00 1.459609786711431545e-06
3.000000000000000000e+00 7.835995398349064611e-02
2.000000000000000000e+00 6.777687260972807548e-02
6.000000000000000000e+00 6.393844530364689582e-02
1.000000000000000000e+00 8.121629816634801102e-02
3.000000000000000000e+00 1.702606449512114248e-02
6.000000000000000000e+00 5.842125799130962888e-02
4.000000000000000000e+00 1.031045367894293102e-01
3.000000000000000000e+00 5.293725324388736525e-02
6.000000000000000000e+00 4.506508386493381785e-02
5.000000000000000000e+00 1.406119851053002634e-01
0.000000000000000000e+00 9.827191663477424788e-03
5.000000000000000000e+00 4.934789989476749683e-02
5.000000000000000000e+00 1.110518645463596382e-01
6.000000000000000000e+00 7.846071928844047805e-02
6.000000000000000000e+00 8.916513223608081573e-02
5.000000000000000000e+00 1.339775153652598798e-02
5.000000000000000000e+00 1.271857815108743406e-01
1.000000000000000000e+00 7.501294038091355088e-02
5.000000000000000000e+00 7.401259227084440451e-02
2.000000000000000000e+00 1.775309293324815740e-02
2.000000000000000000e+00 1.328290079154473835e-01
2.000000000000000000e+00 9.738611760535105522e-02
5.000000000000000000e+00 7.193134491347147330e-03
4.000000000000000000e+00 7.978252030081874058e-02
7.000000000000000000e+00 4.552338539895497971e-02
4.000000000000000000e+00 6.511949092426151664e-02
2.000000000000000000e+00 8.517706532573107725e-02
3.000000000000000000e+00 9.545602368494078560e-02
3.000000000000000000e+00 6.848515133595263482e-02
6.000000000000000000e+00 5.663192675679799143e-02
4.000000000000000000e+00 1.136352537658461698e-01
5.000000000000000000e+00 1.282352511254770955e-01
3.000000000000000000e+00 3.356507757150192089e-02
2.000000000000000000e+00 2.566099499456636623e-02
4.000000000000000000e+00 5.219099805460755692e-02
2.000000000000000000e+00 1.294228582667177052e-01
5.000000000000000000e+00 5.877814226183547541e-02
5.000000000000000000e+00 1.296975299994902742e-01
5.000000000000000000e+00 7.106506933615971966e-02
5.000000000000000000e+00 1.400786080633767694e-01
4.000000000000000000e+00 1.872378545547978279e-01
3.000000000000000000e+00 8.268313239229668765e-02
3.000000000000000000e+00 1.320487338939105026e-01
3.000000000000000000e+00 9.740315478107521019e-02
4.000000000000000000e+00 3.817376193419839969e-02
7.000000000000000000e+00 4.478273346980080061e-02
1.000000000000000000e+00 5.351232631329349426e-02
1.000000000000000000e+00 4.918547785928586991e-02
2.000000000000000000e+00 1.083220585348239617e-01
2.000000000000000000e+00 2.266239803881173881e-02
4.000000000000000000e+00 1.535299694092895073e-01
3.000000000000000000e+00 1.497813023251150233e-01
7.000000000000000000e+00 1.008674165137095693e-02
3.000000000000000000e+00 1.685841806222428130e-01
4.000000000000000000e+00 2.841433798744164713e-02
9.000000000000000000e+00 1.671167538069398594e-03
4.000000000000000000e+00 7.075011745870093960e-02
3.000000000000000000e+00 6.592418700730108549e-02
2.000000000000000000e+00 2.820337832201140829e-02
3.000000000000000000e+00 1.226540527251110541e-01
3.000000000000000000e+00 1.234414716563319719e-01
3.000000000000000000e+00 7.904317956192140338e-02
2.000000000000000000e+00 1.596415233497540109e-01
4.000000000000000000e+00 1.258309573542882587e-01
7.000000000000000000e+00 2.857331514678722664e-02
3.000000000000000000e+00 3.474672659033798544e-02
2.000000000000000000e+00 1.476130834303917005e-01
3.000000000000000000e+00 7.267272603586204249e-02
2.000000000000000000e+00 2.377788408632633410e-02
2.000000000000000000e+00 1.007746427261288907e-01
1.000000000000000000e+00 3.820294275652628968e-02
2.000000000000000000e+00 1.324667374236835338e-01
1.000000000000000000e+00 4.018110359211062022e-02
3.000000000000000000e+00 7.590399989766545563e-02
3.000000000000000000e+00 5.890031570385564214e-02
1.000000000000000000e+00 3.178932793597511602e-02
3.000000000000000000e+00 9.036722096902699564e-02
1.000000000000000000e+00 7.357898789107128468e-02
2.000000000000000000e+00 1.175440322797644543e-01
4.000000000000000000e+00 1.540281577943402869e-01
2.000000000000000000e+00 4.573844016164783921e-02
2.000000000000000000e+00 1.438290022038130334e-01
2.000000000000000000e+00 1.070385780239205276e-01
5.000000000000000000e+00 4.418038210341262290e-02
3.000000000000000000e+00 1.768227771132176995e-01
3.000000000000000000e+00 1.033148465726223680e-01
3.000000000000000000e+00 1.058796929232562606e-01
4.000000000000000000e+00 1.169711182513216707e-01
3.000000000000000000e+00 5.357170519671629154e-03
1.000000000000000000e+00 3.279451108196162340e-02
3.000000000000000000e+00 1.630835746315169310e-01
7.000000000000000000e+00 2.187032299309186675e-02
6.000000000000000000e+00 2.305707292727754779e-02
2.000000000000000000e+00 1.515345711493170655e-01
2.000000000000000000e+00 1.545859599985998332e-02
3.000000000000000000e+00 1.829830491871859144e-01
3.000000000000000000e+00 1.681837251983712145e-01
5.000000000000000000e+00 7.404636925270514924e-02
3.000000000000000000e+00 1.221837224374085762e-01
4.000000000000000000e+00 1.884804085407490448e-01
1.000000000000000000e+00 1.407512575119634728e-02
5.000000000000000000e+00 4.798599625343242386e-02
4.000000000000000000e+00 9.686012628702231342e-02
6.000000000000000000e+00 2.680265153920197152e-02
5.000000000000000000e+00 5.705200246895955618e-02
7.000000000000000000e+00 7.941804157343440584e-03
2.000000000000000000e+00 1.312360680343121755e-01
2.000000000000000000e+00 9.673394487787614904e-02
3.000000000000000000e+00 3.216505289200432844e-03
6.000000000000000000e+00 2.504804756102595523e-02
3.000000000000000000e+00 1.098508796140295618e-01
6.000000000000000000e+00 1.370530166140438398e-02
4.000000000000000000e+00 4.276755081377641571e-02
2.000000000000000000e+00 4.339362810896994077e-02
5.000000000000000000e+00 1.254121937655788277e-01
3.000000000000000000e+00 1.132564373470261593e-01
9.000000000000000000e+00 3.587219742466481089e-03
4.000000000000000000e+00 1.061292693843862295e-01
4.000000000000000000e+00 6.531640230527284430e-02
2.000000000000000000e+00 6.643341418319420599e-02
7.000000000000000000e+00 1.429089530625483363e-02
3.000000000000000000e+00 1.905972973906661927e-01
4.000000000000000000e+00 1.379438665066926029e-02
2.000000000000000000e+00 1.485693435842742327e-01
2.000000000000000000e+00 1.374061019898590030e-01
3.000000000000000000e+00 5.945644434610213719e-02
2.000000000000000000e+00 5.299567918319721821e-02
2.000000000000000000e+00 1.640335763811620606e-02
3.000000000000000000e+00 8.342923622911442572e-02
6.000000000000000000e+00 3.740197855202607308e-02
1.000000000000000000e+00 1.229117299795030697e-02
1.000000000000000000e+00 7.109791278287140581e-02
6.000000000000000000e+00 8.968629683522874596e-02
2.000000000000000000e+00 1.311753661385208110e-02
4.000000000000000000e+00 5.110015357813591994e-03
4.000000000000000000e+00 1.101602809461940113e-01
2.000000000000000000e+00 3.292229638518165413e-02
3.000000000000000000e+00 1.875801450755996691e-01
5.000000000000000000e+00 8.563453264786775876e-02
6.000000000000000000e+00 2.035685098616719230e-02
4.000000000000000000e+00 3.060216703537233310e-02
5.000000000000000000e+00 5.560404571815943248e-03
5.000000000000000000e+00 3.187983885208216933e-02
3.000000000000000000e+00 5.826556993253591971e-02
7.000000000000000000e+00 6.615077029109705554e-03
4.000000000000000000e+00 1.927817801434286160e-01
4.000000000000000000e+00 1.825101802791213035e-01
2.000000000000000000e+00 9.221090887115515611e-02
9.000000000000000000e+00 8.698869652094268906e-03
5.000000000000000000e+00 1.065454923667412124e-01
1.000000000000000000e+00 7.657695432654262196e-03
4.000000000000000000e+00 1.600363779642399176e-01
5.000000000000000000e+00 2.082735796067576237e-02
1.000000000000000000e+00 4.285030970665085898e-02
5.000000000000000000e+00 1.443513979593817609e-01
2.000000000000000000e+00 8.405668928710210985e-02
5.000000000000000000e+00 2.968879031160728300e-04
6.000000000000000000e+00 1.795368133042148789e-02
5.000000000000000000e+00 5.710743355376930036e-02
5.000000000000000000e+00 6.053591489829792532e-02
3.000000000000000000e+00 1.005214462164561937e-02
4.000000000000000000e+00 1.722542726863824647e-01
2.000000000000000000e+00 1.367645252141684586e-01
5.000000000000000000e+00 1.261503298167423182e-01
3.000000000000000000e+00 5.549335508789382532e-02
7.000000000000000000e+00 1.383238007832624135e-02
3.000000000000000000e+00 1.780909944668918610e-01
1.000000000000000000e+00 3.915241236009923964e-02
6.000000000000000000e+00 5.394934733501742519e-02
2.000000000000000000e+00 1.146465838122220776e-01
6.000000000000000000e+00 5.452547746344802576e-02
3.000000000000000000e+00 1.586545665624194412e-01
4.000000000000000000e+00 8.310624976252182355e-03
4.000000000000000000e+00 7.714046679345817892e-02
4.000000000000000000e+00 1.912839870964888611e-01
9.000000000000000000e+00 5.713159199976957509e-03
3.000000000000000000e+00 1.821352933722098777e-01
3.000000000000000000e+00 1.019736650998737254e-01
6.000000000000000000e+00 3.682564082757901203e-02
4.000000000000000000e+00 8.789634249879223205e-02
6.000000000000000000e+00 2.785343964722651264e-02
4.000000000000000000e+00 1.404907777237377475e-01
5.000000000000000000e+00 4.490754546720909790e-02
4.000000000000000000e+00 1.759712910391843244e-01
3.000000000000000000e+00 8.918524399175199735e-02
4.000000000000000000e+00 4.347399142474824008e-02
4.000000000000000000e+00 6.844570351576412248e-02
2.000000000000000000e+00 6.982510702321706453e-02
6.000000000000000000e+00 7.996696875051238773e-02
5.000000000000000000e+00 1.316605777720721293e-01
2.000000000000000000e+00 9.400939787276609005e-02
5.000000000000000000e+00 1.581722928156562014e-02
8.000000000000000000e+00 1.742801194650389629e-02
2.000000000000000000e+00 1.158005105964420439e-01
2.000000000000000000e+00 8.880601954613384641e-02
4.000000000000000000e+00 1.295354718947567541e-01
3.000000000000000000e+00 2.382477034156116336e-02
9.000000000000000000e+00 1.584697915692245915e-03
2.000000000000000000e+00 1.135009711116806153e-01
7.000000000000000000e+00 5.062025510127004385e-03
5.000000000000000000e+00 2.617677310759659523e-02
7.000000000000000000e+00 7.105537184409684015e-03
9.000000000000000000e+00 1.726924796074472742e-03
2.000000000000000000e+00 1.496069468424983673e-01
3.000000000000000000e+00 1.843126793463046864e-01
2.000000000000000000e+00 7.203340282403071504e-02
3.000000000000000000e+00 6.895141012939980107e-02
1.100000000000000000e+01 1.269298485666183135e-03
3.000000000000000000e+00 1.430665049054092308e-01
1.000000000000000000e+00 1.539605873983416334e-02
4.000000000000000000e+00 7.249318533657609677e-03
5.000000000000000000e+00 1.289023120392300548e-01
4.000000000000000000e+00 3.326834829361369206e-02
6.000000000000000000e+00 2.224968443924991990e-02
4.000000000000000000e+00 6.538312840083648769e-02
4.000000000000000000e+00 3.810965298402066437e-02
1.000000000000000000e+00 6.261676425719256422e-02
4.000000000000000000e+00 1.177900601367023875e-01
5.000000000000000000e+00 1.238888821800863682e-01
3.000000000000000000e+00 4.450660299610990911e-02
0.000000000000000000e+00 6.949809788234950769e-03
1.000000000000000000e+00 1.072542101101393169e-02
4.000000000000000000e+00 8.615243450059181796e-02
1.000000000000000000e+00 8.189962792557352322e-02
5.000000000000000000e+00 6.498492100619469164e-03
7.000000000000000000e+00 3.399198615002268359e-02
3.000000000000000000e+00 1.585760159917435907e-01
2.000000000000000000e+00 5.714579773066522268e-03
5.000000000000000000e+00 8.326349487027210478e-03
6.000000000000000000e+00 5.723858816538558020e-02
4.000000000000000000e+00 8.598709519545874591e-02
3.000000000000000000e+00 7.581794911510846002e-02
1.000000000000000000e+01 3.567848980292323210e-03
5.000000000000000000e+00 1.404100754361212455e-01
3.000000000000000000e+00 1.005622538615198909e-02
4.000000000000000000e+00 1.006851984806403644e-01
5.000000000000000000e+00 8.267138733566928299e-02
3.000000000000000000e+00 4.160548989276177494e-03
7.000000000000000000e+00 2.754843228009945869e-02
2.000000000000000000e+00 7.258427723123438147e-02
6.000000000000000000e+00 8.109315160655665607e-04
3.000000000000000000e+00 3.880690866879160650e-02
5.000000000000000000e+00 3.625560571806606125e-02
3.000000000000000000e+00 1.343973223523212135e-01
4.000000000000000000e+00 4.873566907600487830e-02
2.000000000000000000e+00 1.029440873969647216e-02
5.000000000000000000e+00 1.828583822377517071e-02
4.000000000000000000e+00 6.958204365890467702e-02
7.000000000000000000e+00 2.502829006925933603e-02
4.000000000000000000e+00 1.641222743506844384e-01
1.000000000000000000e+00 3.860617969661791615e-03
4.000000000000000000e+00 1.682884466417311486e-01
5.000000000000000000e+00 7.130141942192826099e-02
4.000000000000000000e+00 1.222303597687502824e-01
3.000000000000000000e+00 1.038522526737732932e-01
5.000000000000000000e+00 9.293179469683110483e-02
2.000000000000000000e+00 7.337891857572681475e-02
4.000000000000000000e+00 9.253208113584183991e-02
5.000000000000000000e+00 1.059949168227508065e-01
2.000000000000000000e+00 3.717712695129003070e-02
4.000000000000000000e+00 2.677291521857847259e-02
1.000000000000000000e+00 8.279977286046534546e-02
2.000000000000000000e+00 1.255980624236077980e-01
2.000000000000000000e+00 1.377171567947974296e-01
6.000000000000000000e+00 8.530353799870230014e-03
4.000000000000000000e+00 1.941699753002474882e-01
2.000000000000000000e+00 1.583461782367559245e-01
3.000000000000000000e+00 1.960039437091668640e-02
3.000000000000000000e+00 1.288922844660195799e-01
8.000000000000000000e+00 1.147770141881576840e-02
7.000000000000000000e+00 4.523417577674324064e-02
3.000000000000000000e+00 1.426277227595386665e-01
5.000000000000000000e+00 6.818508891533282823e-02
3.000000000000000000e+00 1.798519344876809423e-01
4.000000000000000000e+00 7.931052028602739168e-02
6.000000000000000000e+00 2.026920448646695513e-03
5.000000000000000000e+00 9.943498057320029893e-02
3.000000000000000000e+00 4.666648829441401997e-02
