-5.021550061049318003e-03 1.404427868229985721e-01
9.688712471229028456e-01 8.707499268730067854e-02
3.346274838513230154e-01 3.747506731441342387e-01
2.370123521483002982e-01 8.180471760324188601e-02
1.095920675157441515e+00 6.664716087430738733e-01
9.171965714226257838e-01 3.153735162010986581e-01
5.934840621189523269e-01 1.043830587365163348e-01
4.703469147349366164e-01 4.366743486416584386e-01
8.934742154123433977e-01 7.552917948535211590e-01
1.091611424513469597e+00 8.280604941161096022e-01
5.914626205190407493e-01 1.658737661320209278e-01
1.052912681888546587e+00 6.570119799701099605e-01
5.291606695318049614e-01 1.274065646643888182e-02
6.974115466469099633e-01 1.329425318533600797e-01
1.021733442776356693e+00 7.543810492764978504e-01
-8.901082175985403078e-01 1.669735988453582842e-01
-8.188643340829961925e-01 2.301745236371223469e-02
4.931995255807199996e-01 3.056242440089444456e-01
1.040933109228132647e-01 2.875697579263085113e-01
5.363379899009690366e-01 1.832411265704062819e-01
9.710656408167039899e-02 1.824772471917390226e-01
-8.005832844258414793e-01 1.393299026333110480e-01
-9.295209965134920704e-02 1.405133947409095141e-01
8.689711826683901297e-01 1.425738196293799831e-01
2.384311865214445714e-01 8.835125054852591142e-02
-9.247181720143426986e-02 2.316498299443937592e-01
-3.237936183409717561e-02 3.559730186516192330e-01
4.139492515338618617e-01 4.792574032857168098e-01
-2.251207290209766843e-01 2.583454060291461851e-01
1.083996373174735961e+00 4.425584899761191848e-01
-9.054403335141640863e-01 2.016740069499370624e-01
8.742926932193115785e-01 5.090438272160547895e-01
-8.119799382386166942e-01 2.668784393419470005e-02
5.065686841707361943e-01 2.652037003459846720e-01
3.845340224499722570e-01 1.206002913277115923e-01
-3.246500068032243114e-02 9.112642100698611566e-03
7.224369479529224591e-02 2.576668236114398325e-01
8.822136747828717152e-01 7.246220217178516165e-01
8.211501339654114773e-02 3.506007660907810020e-01
3.265257443786269143e-01 4.742906149161996709e-01
1.017954041298283929e+00 5.884334303893535845e-01
7.236081641375797791e-01 6.501870415411596937e-01
3.608385597397014699e-01 1.738711359173226653e-02
1.007808506050642983e+00 2.251582983294701246e-01
-3.157006234348128659e-01 1.427514050160145487e-01
-3.456137600224326034e-01 1.189457750469930658e-01
2.863741821812342270e-01 1.560613191991838400e-01
-4.537545601935575323e-01 1.484717392464856844e-01
9.630753475809310515e-01 6.923930415475614275e-01
-6.488716312201089353e-01 1.638577337884118690e-01
1.245504572401070487e-01 4.203764154146532456e-02
-4.354859345465195153e-01 1.841852119796186238e-02
4.466559855286913461e-01 4.856139396204113834e-01
8.172252962527799536e-01 1.846357406972776172e-01
7.731675474126946668e-01 1.545941544784809329e-01
2.947573690081093378e-01 2.780663575366073559e-01
2.474728473413883023e-01 3.754582943522966620e-01
3.453384480996659622e-01 1.834985456700367057e-01
1.005526348960158245e+00 4.784536228652994799e-02
1.062660627899667087e+00 2.941523347654216858e-01
9.364091204891022979e-01 7.015928654161166511e-01
-8.149032079180524857e-01 1.077234008704509582e-01
8.099504164134754269e-01 6.422811407681074947e-01
2.837445386002888092e-01 5.963308539028418925e-02
9.525370947895042129e-01 2.436289318672221482e-01
5.126261613499039083e-01 3.911027202225164645e-01
-7.300130994116016403e-02 1.396206766616764072e-01
-6.370656930618175950e-01 1.787327965208717062e-01
9.417240284808194861e-01 3.262698073421058664e-01
1.096204897696786418e+00 1.759436671467794894e-02
-9.118654235645509143e-01 6.833364046026672856e-02
-3.071439786198961741e-01 4.249986256087448511e-02
4.051346740726617934e-01 2.381549148858067289e-01
4.992960071175724934e-01 3.528501411628521267e-01
-2.679242350111499249e-01 1.177530555829208042e-01
4.540925462962464021e-01 4.285633141988345329e-01
9.750210053289243284e-01 1.412462250306777134e-01
2.980424995988910641e-01 2.264317646246808147e-01
5.554753123129672066e-01 3.500878652485996390e-01
3.264112371306839844e-01 2.650459344859811273e-01
-6.391618853491065622e-01 2.186231352138276463e-01
-3.947043044020936975e-01 9.512553441764486084e-02
1.055139302910558463e+00 3.671686368258406108e-01
8.892347728506333482e-01 4.078720339454000587e-02
-1.663662381854832395e-01 1.563733630364002036e-01
-8.634063913256917466e-01 5.313308628727609478e-02
5.422310524534266207e-01 6.170772418682481802e-02
-5.959238037059515491e-01 4.785856976753824488e-02
-5.269615998437591209e-01 1.669582352310145235e-01
1.025553472959118917e+00 9.331102857569187892e-01
-7.869874054921639495e-01 1.122835577050059902e-01
-2.728966835840183069e-01 1.117933085366103196e-01
9.210489640157168978e-01 2.321390044450000884e-02
-8.100258069372051617e-01 2.077487286194731608e-01
-8.177033260543553617e-01 1.985852439382167767e-01
9.798049390863745600e-01 6.163804700101350731e-01
3.335639892076123214e-01 2.569285998746291266e-01
-1.843488733353778608e-01 3.933952389374467673e-02
6.808298408757438303e-01 6.057940085364401650e-01
7.002614762076171395e-01 5.516628062265487298e-01
-5.601277835224018897e-01 1.183955314919010599e-01
4.731648162098172072e-01 1.154056819147668139e-01
-6.443489639464365926e-01 1.971166645267732540e-02
-1.186043074455708224e-01 1.796399998238592810e-01
3.894075302600925603e-01 3.916679834507609814e-01
8.576321568534952533e-01 6.833695953008556145e-01
2.792111103107541847e-01 4.551090584212753032e-01
9.106751896089557707e-01 1.785876738532480874e-03
6.806418652463741559e-01 6.279182723518511589e-01
-3.193364197983021846e-01 2.566007778734682998e-01
8.762486336689647715e-01 1.514344224057114219e-01
1.815627600963478638e-01 3.783736300459968893e-01
-9.255882502670801371e-01 1.423471340710954769e-01
-1.755604017704851527e-01 9.873527064376587392e-02
1.010836504210705034e+00 5.115404532129833592e-01
6.181262536256311169e-01 3.980487829858173621e-01
2.150385423544751706e-01 1.152855187336314924e-01
5.235229389566640190e-01 5.386739989455817668e-01
5.640167579900197126e-01 1.554553821834052385e-01
-8.566314393339220512e-01 7.793250965364866001e-02
-2.378255155587344349e-01 9.548237320672681161e-02
-2.557826886435714542e-01 2.905492701310440351e-01
7.189417742245292064e-01 1.977911461541092056e-02
1.109491967269856438e+00 3.878797298763770884e-01
8.229178780104797752e-01 1.227887635602343576e-02
-9.458275333386593209e-01 1.747863029176561223e-01
3.644689037669301968e-01 5.256274945552470435e-01
3.751388099685515343e-02 3.717104085116284540e-01
8.723948896929472063e-01 8.626253731899588204e-03
1.061710678990594570e+00 2.611297269075711358e-01
-6.228918980213618006e-01 4.066448585584768460e-02
-2.255961090458669105e-03 3.342411939334741233e-01
1.078089088214985836e+00 5.670307627397601635e-01
7.519003847257212936e-01 3.669810600164503667e-01
-1.746750662065369442e-01 1.514550259834993029e-01
9.379161502448145615e-01 3.144182161992117308e-01
-2.021553001873173105e-01 1.178722045980789418e-01
6.907916963074582917e-01 4.695605115934725071e-01
8.205836620720845520e-01 7.022096569224119955e-01
7.345163750228396182e-01 5.586195206053313767e-01
5.604030709477685335e-01 1.404012831480655199e-01
6.544269247954708213e-01 5.447334026603616319e-01
8.823253649827578204e-01 1.429210015985435678e-01
9.397075476691061358e-01 2.690072271373633583e-01
3.021829915843692316e-01 4.390579884890655760e-01
7.772038791886182185e-01 4.665425215268320103e-01
4.042319725156233723e-01 4.719788039055405338e-01
4.448430033360573077e-01 2.484337967525903357e-01
1.088047068618006818e+00 2.200809191468631743e-01
-8.588414935100573411e-01 1.653338256061482048e-01
3.415335364267466645e-01 9.827114098980899159e-02
9.833283926140241604e-01 6.283368416718212446e-01
7.265345915042755731e-01 7.249315774470063145e-01
2.719449845551142886e-01 1.608312980742351850e-01
8.319166011472718392e-01 3.316024035750865795e-01
6.617950627019575371e-01 3.008768825263100632e-01
1.058788475306064569e+00 6.007601987154626011e-01
7.815406435865386303e-01 4.986274601432541531e-01
9.020457316226211386e-01 1.600013112895424527e-01
2.496329949028106565e-01 3.627736645284368455e-01
4.508369058000749607e-01 1.372147696759330737e-01
3.547157416434998378e-01 8.308349364816554339e-02
2.235087945748992500e-01 4.515384661108137188e-01
-4.477385079394626821e-01 6.171968595824205844e-02
1.038582572664306092e+00 2.908869274854272713e-01
7.900049860965929760e-01 7.634703991201783335e-01
-2.348949750025366434e-01 9.951580792980722900e-02
6.556451651489230148e-01 1.626034953728444088e-01
3.622510124906601625e-01 2.500251835396363406e-02
6.522147127736310779e-02 1.728392487524610388e-01
-2.726385021182242685e-01 2.641087508899288561e-01
-4.458526662555709619e-01 1.601477620702696780e-01
7.285072810387722697e-01 2.524424149651335186e-02
-7.256140149154777230e-01 5.736309272957230282e-02
1.527888289104095687e-01 9.746413597293064612e-03
1.284980791892005314e-01 3.671167851741798938e-01
9.420594474830985554e-01 5.993316246120700130e-01
1.098541180685959073e+00 7.227329455172951667e-01
5.834520197637520500e-01 4.953346586458706735e-01
7.599910065505395274e-01 2.019681974296367866e-01
1.055259849998393396e+00 5.345086273010711819e-01
1.033761386316117026e+00 1.167064422632043026e-02
-2.409393770384911093e-01 1.956623101021237876e-01
-1.945339896548317071e-01 4.823731222441722533e-02
8.254002249609950770e-01 5.738788812903171666e-01
-4.779931211190380225e-01 1.619539099775818558e-01
2.077733820707328150e-02 3.017733892336602053e-01
-3.117404708985359596e-01 2.612183036957818061e-01
-8.027795860855708732e-01 7.676211271120733648e-02
-5.764668394323069212e-02 1.803498509389073745e-01
7.396479959727357834e-01 4.359231087755190970e-01
-9.478596870217151915e-01 1.496222264899307319e-01
1.093548386300027708e+00 5.917778152928515611e-01
1.624933982018037515e-01 1.332958563230812465e-01
5.126828854170746297e-01 2.394915236486893362e-01
3.363526533161527166e-01 2.899225454056733042e-01
1.054173873266803341e+00 7.107171520419436339e-01
-7.592586842903368272e-01 7.606636853081878702e-02
1.505256532858714191e-01 3.543794257253764513e-01
6.887217506055085536e-01 1.790647813287780665e-01
3.902651178828118184e-01 4.502350170065150953e-02
-1.248498379605597064e-01 7.737835150591089450e-02
8.469910007537562180e-01 6.365049330162035890e-01
1.083021147516975979e+00 9.281832446529175717e-01
4.290834536523568943e-01 4.545719196907890836e-02
1.056585379782775558e+00 8.152414049836786969e-02
9.783446283114023423e-01 1.446007700401177598e-01
6.768490523365744416e-02 3.432886767091501978e-01
6.951711911928837306e-01 6.293212778994698997e-01
6.633807020741826488e-01 3.115587189440328642e-01
2.917549966003074591e-01 1.585898225987799059e-01
8.237625905886869493e-01 7.270482857823452605e-01
5.954091521881941240e-01 3.730640634954801027e-01
9.842985910524366666e-01 9.896034826550306751e-02
7.830107538590382887e-01 3.853849525766939732e-01
1.107702345462489912e+00 1.291302758119121374e-01
1.085632096083832820e-02 2.672799565114124254e-02
9.731735475976812655e-01 4.457769484913150504e-01
9.068958948745295956e-01 3.009077610281672421e-01
7.812508611538060421e-01 6.741274262911262083e-01
6.261151092820120834e-01 2.927478675110479767e-01
-7.862635955022900802e-03 1.766635290799279667e-01
-3.179439879884891074e-01 1.589192994328216813e-01
6.045917725694496259e-01 4.433132503084230569e-01
-1.485830237189650349e-01 2.567170472244453827e-01
-7.172819071840319527e-02 7.155014027593110948e-02
-9.074715852018533369e-01 2.358939063597648989e-01
1.083487876363684599e+00 8.172941970140837897e-01
-2.367093847903067871e-02 2.505598500889149594e-01
-4.478654867715561316e-01 7.516931788740778553e-02
5.946054070484314558e-01 5.214500486079781671e-02
4.343637006226346298e-01 4.570142214324748320e-01
4.998492757620740523e-01 3.847530885821611735e-01
4.644059373235274180e-01 2.777801219354463780e-01
1.019879430321213309e+00 2.841997280132458892e-01
5.961994728479695915e-01 2.837346080275656157e-01
9.508030658404458269e-01 6.366280621659402561e-01
-3.478646805159009148e-01 1.600357812907876320e-01
-1.965894938757183352e-01 3.123450165750208396e-01
-4.710492191738429035e-01 1.192975814494689479e-01
9.774614821096208050e-01 7.986607863211279135e-01
-5.554439031189837284e-01 2.277941628954688880e-01
-1.809598697340204509e-01 2.827336255906578999e-01
-9.735899854025864553e-02 2.585384291876213214e-01
1.016830257173803265e+00 9.062737418293596026e-01
-6.020013678781823696e-01 2.466827735634991858e-01
-5.925475660564405445e-02 6.128053601234861175e-02
-8.128001223507701489e-01 8.821505587152790595e-02
1.051491276842891676e+00 7.904398490281697720e-01
-7.595398453718574805e-01 1.637283626964979866e-01
-9.524994768014155566e-01 1.327442946047471262e-01
-2.959587158477202662e-01 1.818782876885167155e-01
-7.129586482855112539e-01 1.633108708506214868e-01
-6.291708158703410714e-01 4.376583189219305364e-02
-6.813649727644246479e-01 2.011648059211241235e-01
5.120956596885650747e-01 7.736205175115358317e-03
9.630399399863380783e-01 6.463811742812304306e-01
5.846021717878624457e-01 4.462028350145758604e-01
6.289653456067434423e-01 2.681004460550583390e-01
-8.081734953825303602e-02 3.203046619524030358e-01
-8.155875956831744045e-01 1.254712720384034419e-01
3.368709527381772428e-01 1.169179436232213598e-02
3.944206851951428394e-01 3.891510759185447532e-01
-6.244105972513744884e-01 1.713990665027810001e-01
-4.455157220629952786e-01 4.971748254684457691e-02
3.706390639465451109e-01 4.066073572410829895e-01
4.969830733949576196e-01 9.341461338999688946e-02
1.107394477452185555e+00 6.586892213771795568e-01
5.383662824639594557e-01 1.090530906685734658e-01
5.332822748629020282e-01 3.625964738763710615e-01
-1.595501728644761474e-01 2.121499224113870263e-01
1.928784403583585494e-01 1.407481960411351429e-01
-6.348101754566792820e-02 3.051679027581736259e-01
9.804440393760969208e-01 5.196488269327682596e-01
7.057391860985766652e-01 1.477320473640140464e-01
6.019605131080647542e-01 1.109017291773013031e-01
-4.331505049857924394e-01 1.027012354185334320e-01
-8.248692306885058168e-01 1.550353513449540532e-01
1.044739828608368892e+00 6.754572892361585534e-01
-1.615823723178952953e-01 2.873191013186349174e-01
8.028839506260856407e-01 4.401835448407696583e-01
8.885191682665487534e-01 2.396741966075856545e-01
7.218926543188182166e-01 5.175547406366651781e-01
1.045525826841263495e+00 1.395487356510442534e-01
-5.938145276178179444e-01 5.132320314151399276e-02
3.581126444592019897e-01 1.805914612725841376e-02
-5.454006040794137089e-01 2.396786875368547495e-02
9.855637620431672019e-01 4.992982079532917727e-01
1.909459317820982882e-01 1.506040949289626785e-01
5.426509604317431013e-02 1.224284543647786577e-01
5.387928181682153372e-01 4.625104205701693338e-01
9.036519140970178388e-01 1.811059068706753761e-01
7.896696911636733596e-01 4.001891977716000581e-01
-3.345352332913574811e-01 9.382964382546907060e-04
8.326462515817287802e-01 5.193411992871043159e-01
4.658880053671241583e-01 4.885545329123155422e-01
1.762442254376539452e-02 1.630706537206825027e-02
-1.626098783401390691e-01 2.607033312779108991e-01
1.073168476366526569e+00 8.337940173224567264e-01
2.563898723427475712e-01 2.603664987545135645e-01
-4.536608242739326169e-02 2.712569582048977024e-01
1.029779925132756180e+00 5.275455537341159351e-01
4.113055255858086845e-01 4.206538284675978567e-01
-3.294265825157156602e-01 1.700343744690029912e-01
4.900271885937521610e-01 4.315913646038754270e-01
-6.059692623509538301e-01 1.140088498114152776e-01
-2.597046711723303147e-01 3.349979539278007817e-02
-3.307213727532919423e-01 1.020067966802509218e-01
1.022107810099934344e+00 7.141227965264392019e-02
7.871410427506961849e-01 4.906661669157506012e-01
6.056683212969611318e-01 6.247409239036814110e-01
5.111949219382636578e-01 9.767285030973024695e-02
3.609370321575811058e-01 5.150039113561367676e-01
5.872807056781135238e-01 4.024377829211613355e-01
8.139091633368478185e-01 2.297212043261080971e-01
-7.733724872916218906e-01 1.942903210677604797e-01
-1.122554146133860620e-01 9.980228521456352420e-02
8.937089208019268760e-01 2.794874912723098181e-01
9.044015175716888510e-01 4.760565067328528244e-01
-2.604815372719684330e-01 1.329550587057048705e-01
-2.358707290201084161e-01 2.269048940789073765e-01
6.100453495296584983e-01 4.849793208458900162e-01
-8.966963627885009558e-01 5.514855000757200310e-02
-4.484799759702776667e-01 4.042324534752103626e-02
2.066967017232517190e-01 4.465677543570041987e-04
9.123171777096474866e-01 6.250403913398326905e-01
-8.160397277610151878e-01 3.183582356470433111e-02
8.717535428251947938e-01 6.712380911643767156e-02
-8.914537996725058200e-02 1.265840898539318249e-01
-6.950740711743161881e-01 3.351634465554511472e-02
8.197860074507843375e-01 6.099887910292349780e-01
7.140291185735418988e-01 1.276212849284914796e-01
1.053586310827578920e+00 6.319762730012961072e-01
9.380610578658707954e-01 4.898419125353715153e-01
9.621750209232038387e-01 6.705087296805073427e-01
-9.088282138680052746e-01 3.774639929104470215e-02
5.779894894026083030e-01 5.718941182358699277e-02
6.991416919486570514e-01 6.876325957091865559e-01
9.087771005575271399e-01 7.719920046375328138e-01
-1.013840221091354410e-01 1.032238945514586115e-01
-3.394225263276959836e-01 2.147081065924854107e-02
1.009467655266444108e+00 7.111307559847424020e-02
3.434005072478136800e-01 3.428143561084865398e-01
7.394943615384499402e-01 3.583422432215780939e-01
-3.905382189027354345e-01 1.957309384463255253e-01
5.231862257807644578e-01 4.307916015252951092e-01
8.865624771465658860e-01 6.566120058431059725e-01
1.005270537359067795e+00 5.365122815345247931e-01
-6.957846454861827956e-01 1.174829820040819428e-01
4.353662893528911226e-01 1.689010652070118967e-01
5.327768136508421737e-01 3.849753668102844362e-01
-1.638232748502299607e-02 2.262698775246841515e-02
3.135969766520019242e-02 1.496542606968709332e-01
-9.961247831149342424e-01 9.305040408556375375e-02
-5.638831901257337353e-01 2.296563217399578138e-01
7.570126405336010667e-01 3.568099433384402386e-01
3.774213838933495602e-01 1.704354856402507390e-01
-6.621325158979884939e-02 2.790001161850100275e-01
-5.727363541331021990e-01 1.201756078845189930e-02
-5.392935020729769935e-01 9.867385521594372599e-02
4.371493230248537643e-01 3.478570290004020515e-01
-5.380820062877011978e-01 7.215108373088528759e-02
7.579328993487566279e-02 2.629443267664600681e-01
8.118894424445006752e-01 3.776316993089726681e-01
6.173489619436596243e-01 3.466276394201198707e-01
6.817315228408602490e-01 2.886846608132401237e-01
9.344971463099667197e-01 4.957966341411353950e-01
1.993014211907535582e-01 1.865231058830410793e-01
6.864597371774163737e-01 4.543123606064411457e-01
3.567407015671095749e-01 3.090253639593261159e-01
-2.942850540553259009e-01 1.017030103293034560e-01
2.496828992486128662e-01 3.407301231929205643e-01
6.057354727348449597e-01 3.136656213814844052e-01
-9.142965005285196289e-01 1.678165906934537543e-01
2.706260060299745529e-01 3.988997282335109973e-01
-2.155168883310886185e-01 1.685770566429185546e-01
-1.639693362917312713e-01 3.226716976490889843e-02
9.217355047688438052e-01 7.372804029815460680e-01
3.147382735573867052e-01 4.956191791366365562e-01
5.545376226474374448e-02 1.329744577604355382e-01
-2.622203340005069272e-01 5.668756677165874558e-02
-1.929082609644827695e-01 2.560668801072302214e-01
9.952402644640421236e-01 8.015200177905418277e-01
1.048122595027764614e+00 6.296367091159810192e-01
4.360840779063739348e-01 9.399198030201348641e-02
3.090719151512428819e-01 5.837543005386001266e-03
6.026533866575352061e-01 1.044480619720994652e-01
6.023920601711960643e-01 4.762639931174232899e-01
3.912369697317563677e-03 2.807274938316021706e-01
1.063045585955333383e+00 4.634934936719062870e-01
5.801249496507012715e-01 5.658756413906631533e-01
8.533454994684188666e-01 6.601969614127900510e-01
1.008518305309142438e+00 3.077521509005134298e-02
1.817700618338888852e-01 3.047401362877766307e-02
4.853488047230221092e-01 3.248809276571648086e-01
3.427188831657586032e-01 1.011084183427906902e-01
8.467019327655678218e-02 1.341514626163650171e-02
1.327938462746875992e-01 3.706886950169436257e-01
6.969281945536580647e-01 1.924235353528079562e-01
6.505596141602469906e-01 2.585199966805597493e-01
-3.389029593562080667e-01 1.173342250603627013e-01
-1.004207554644533262e+00 3.590668174578738603e-02
1.077801064579079870e+00 1.472182765782986125e-01
7.359309328025849251e-01 3.312152144204275062e-01
6.466314370372165943e-01 5.704590767075918833e-01
8.645710655712197656e-01 7.657977260783667139e-01
9.110069597810075415e-01 2.278901735512806059e-01
8.204890038313878975e-01 5.434662155016700691e-01
6.955085049168152622e-02 2.620234540286734970e-01
9.631776065741968207e-01 4.915766819324701720e-01
-5.364944486059890494e-01 1.734847533103968664e-01
1.851221270499439076e-01 1.450120839539169315e-01
-5.284553931077839994e-02 1.024854128938541553e-01
9.544407648948873835e-01 2.939907794839927702e-01
6.223464108731875388e-01 2.089718574553965647e-01
5.813183820203500218e-01 3.653864336476314034e-01
1.424806781138365785e-01 3.222714815737433014e-01
1.034260850991874481e+00 5.140524314752785706e-01
3.528681049191439989e-02 7.086138607151930280e-02
2.230860257531390722e-01 3.164459811775836573e-01
-9.376706745246299324e-02 2.831221346443733022e-01
2.534513700313216766e-01 2.510973434192260156e-01
-1.013494302327355046e+00 2.093470869056650308e-01
3.263235135656021857e-01 4.237187395204790596e-01
8.771945341417448638e-01 4.294630219978354951e-02
-8.476551913829896145e-01 1.374416490715494044e-01
1.064472516386601786e+00 7.102606938948107240e-01
9.122596607780129041e-01 3.331893067343136838e-01
-4.814355653859578865e-01 1.578238374122212795e-01
6.078806646509038458e-02 1.630097804987156174e-01
2.865509312515490681e-01 4.726576175465224128e-01
1.151783610746888176e-01 1.905397823809765190e-02
-4.820906160808093865e-01 6.631626176408690621e-02
8.304325184249070624e-01 6.418031170025811916e-01
5.475322745935942148e-01 6.061927966737495899e-01
9.739556840506662372e-01 1.367869312420157968e-01
-9.067045832229300162e-01 8.816884845417645444e-02
9.425397442270229131e-01 5.764735169680587079e-01
1.020052005325428279e+00 4.608142142391627449e-01
9.154614572410015860e-01 4.262136886365069932e-01
9.016639491930638073e-01 5.086442707120849560e-01
3.987414145451351200e-01 1.957530560598268188e-01
5.409454160788818022e-02 1.655661537946775952e-01
1.079821925422480344e+00 5.378066956470120008e-01
1.251434745116191127e-01 3.566399566462140260e-03
2.662192852626756867e-01 3.364478166467808617e-01
8.913296225935747330e-01 1.254607268116131047e-01
9.834111772312170707e-02 1.032408091915709425e-01
1.105876256255830192e+00 5.175718270264756393e-01
7.607867211618499770e-01 1.063270445555065113e-01
1.057515007746063773e+00 7.756882594082178950e-02
-6.151087054891100081e-01 4.297347264621676974e-03
8.518094394443984640e-01 4.618086971319950162e-01
3.284863614734314652e-01 2.656178821188313610e-01
-5.395546314878989502e-01 1.527778684314657909e-01
5.099847007825830669e-01 2.171905910876350820e-01
4.331351044066158451e-01 2.088144635248117553e-01
9.955795490763641453e-03 2.653534219412550521e-01
-1.010658462545679592e+00 1.556586261091776752e-02
-8.947370754282477634e-01 1.951939383625459212e-01
8.489911799822085214e-01 5.794614626255742973e-01
-9.950276942115480194e-01 8.306856764171306751e-02
2.186764599731929604e-01 3.140235341541309788e-01
7.874810122386222133e-01 4.210407534900662552e-01
1.613007518530928941e-02 3.161196126731009026e-01
7.333416450091223560e-02 1.886147790573906302e-01
6.305867688560762296e-01 3.406704399208591028e-01
1.091183837599703388e+00 3.528212396969839793e-01
5.584770888113790299e-01 4.130380455825765490e-02
1.060966061754600620e+00 7.981189053727334448e-01
1.063596556799086823e+00 5.829542296752528996e-01
-7.204136528367655057e-01 1.782094633931853023e-01
7.819053296039399914e-01 3.824726540123905005e-01
-2.643196599809262137e-01 2.016566163773554909e-01
-4.143007919798796790e-01 2.226511764274684627e-02
9.792228376820981683e-01 2.102366832273562525e-01
2.239018775118615245e-01 4.227694527085745779e-01
8.186747140198322725e-01 7.585248383835417885e-01
6.832552849387809601e-01 2.619638324756096148e-01
6.370720732807029218e-01 1.421257940441895407e-01
6.801947988855427951e-01 4.791867370808449711e-01
1.000807739724496326e+00 8.434307174395249129e-01
1.044672598825111098e+00 6.176359761126478665e-01
3.677769669710784228e-03 9.349601224790300702e-02
4.734190415780561434e-01 4.872498812441871108e-01
6.904939540787728980e-01 2.438232004048755674e-01
1.062719665672621883e+00 4.023975027014080053e-01
1.086720345825490153e+00 4.855356405357165173e-01
8.714940822508299156e-01 1.349968148553156166e-01
4.990708962798162673e-01 4.012578833086541397e-01
2.753432313284944755e-01 2.073421950845442951e-01
8.797242036335677362e-01 3.151810216619630456e-01
5.226248017317836059e-01 3.258253441009834606e-01
8.372906832467463811e-01 3.903353706316169403e-01
-2.198996300909661361e-02 9.382576573540868381e-02
8.317179343950400483e-01 2.155622485788807885e-01
5.481133748342077450e-01 5.981947767304299779e-01
-8.949201988216550774e-01 2.341232974229318087e-01
8.952514301950347253e-01 4.383651712599372363e-01
1.084735494503973996e+00 9.634916329971372484e-01
3.448251634531802612e-01 2.323801619865402956e-01
-2.023239666992341368e-01 1.040598815892023188e-01
1.065385862144510476e+00 2.578532613969951592e-01
8.358437881811853210e-01 6.333443093645130251e-01
7.179485424926346226e-01 2.098176700538526562e-01
8.755048010433779115e-01 4.834277267780017762e-01
-8.605221975264670808e-01 3.818839490433943110e-03
-5.375960590070250067e-01 2.042643234476457792e-01
7.205363921628367141e-01 1.127747706926393312e-01
3.769939740645613657e-01 1.731288440257612027e-01
5.478680137894849089e-01 6.092568086218369539e-01
1.852825228125747348e-01 1.069328432080050573e-01
-4.731778403847353154e-02 3.147260747373528678e-01
6.717701547481893520e-01 1.470993669787812042e-01
4.436158233908915616e-01 4.573816695772290886e-01
-2.514396669938477880e-01 3.720527537114291794e-02
4.719543357196962496e-01 5.522445747515289938e-01
1.270459963300516470e-01 3.762977317460842186e-01
1.054000022561228711e+00 8.885392833498958476e-01
1.032204520572763684e+00 6.108488852142821557e-01
9.532447011860656350e-01 4.018979529980079568e-01
2.027448090848436024e-01 4.497535318304555219e-01
-9.564953706832133307e-01 1.180445981523035523e-02
4.260116380171585782e-01 4.969700286345474782e-01
-3.582138879369284323e-01 2.697351204401456370e-01
8.805338863780400871e-01 9.430621130280360254e-02
6.112780160507775840e-01 5.189061743134352200e-01
9.899830676215382042e-02 1.154553375643930374e-01
4.697243103486898885e-01 6.998924705445579153e-02
3.383084373742344386e-01 1.073731036988427034e-01
-6.041329058172522082e-01 1.730469026826284562e-01
1.101854376319539419e+00 3.734941491782883261e-01
1.822345012248058893e-01 2.929838889264167467e-01
-2.704398279485685785e-01 6.869057830618642557e-02
-7.042566453709775409e-01 1.370291980468845150e-01
-6.916381609828277099e-01 2.086663099688302048e-01
7.449108456127595534e-01 2.385318808899478393e-01
-9.257192082617915485e-01 1.162396326700245730e-01
8.793688857839336848e-01 4.981929109673464695e-01
-3.505993041518877806e-01 2.412862400548771435e-01
9.075489112165018302e-01 3.766957860278248305e-01
1.079018484508768250e+00 1.288748278645943657e-01
-7.857600881700246287e-01 8.718935040640872491e-02
-5.859642094686684510e-01 3.345375012245221241e-02
-6.318777962395027981e-02 1.751585188586799735e-01
3.585333088396147616e-05 1.052741738700348484e-01
9.109519810183843713e-01 5.962277423493524964e-01
9.644162159489679809e-01 1.388156492321024338e-01
1.082777018656142953e+00 3.332270078587614148e-01
-6.529411174397050655e-01 1.467213724815163434e-01
4.137450311071595443e-01 2.245130681732324801e-02
-8.907084703492041955e-01 1.645833948269289360e-01
6.658194103444039502e-01 6.519044559472848555e-01
-4.690062560112396861e-01 1.267800430619232255e-01
8.427534980117776797e-01 5.643217238647243450e-01
4.532370124984148596e-01 4.987910813717903458e-01
-7.909772098293599285e-02 1.364200559209310659e-01
-1.320818324021016954e-01 2.349323851188015178e-01
7.589995299301093290e-01 2.720598630874034307e-01
7.339355852860420804e-01 3.113297349905768674e-01
-3.321157177935459837e-01 2.615567606531476463e-01
5.293004233279321458e-01 4.215540462235791708e-01
-2.362958354870907662e-01 2.907842220764060848e-01
9.602260001238216436e-01 7.193760866276130983e-01
-8.078200787110239034e-01 1.813022300415944033e-01
9.749556266118741821e-01 8.806902173713003767e-01
-2.328823473592810389e-01 1.584693496385059519e-01
5.460136748509041293e-01 1.841723723845024030e-01
2.018391960361565207e-01 4.278397062457867661e-01
5.773568701986366847e-01 2.035974060150074760e-01
-5.099969093719460833e-01 1.907066275772104080e-02
8.560707774153044625e-01 1.258045992390696977e-01
-5.807564301905634441e-01 1.710201904090699887e-01
1.841735631458312206e-01 3.328393419283721122e-01
5.480238452280739025e-01 1.139744144891628175e-01
-4.096710799698167760e-01 5.958587462403337059e-02
9.345791215797656371e-01 7.347027094278865134e-01
-5.839521440321959744e-03 2.148852455811429973e-01
1.081924035247767701e+00 9.116231061557251714e-01
-5.672600471465881755e-01 5.280934552325308728e-02
6.951462276670310469e-01 3.475521337631570784e-01
4.527003029648997146e-01 2.400015639457252214e-01
-5.224148150744147845e-01 4.355268345100683086e-02
4.361553724622591055e-01 1.192457897941251038e-01
1.072751849957309211e+00 2.993734991520368149e-01
6.268888767675084850e-01 6.247547538230393410e-03
6.311964555383080544e-01 6.322660819592760273e-01
2.210475633496193915e-01 1.458583509539455592e-01
7.325630969702934259e-02 2.313363358605464715e-01
-2.292723641612282037e-02 2.690176164541803749e-01
7.263869932736515267e-01 5.708470473814704071e-01
2.976743168087472302e-01 5.326642543430040039e-02
9.130239845720165004e-01 1.747443251100204778e-02
-1.885451826357146254e-01 2.418774856173667442e-01
2.607510931199379378e-01 2.820795336348251303e-01
-1.593460185401518459e-03 3.116492458914053576e-01
1.493818416853551767e-01 6.049975518867334312e-02
2.746090266040472905e-01 3.808631879464705605e-01
8.468377542143739056e-01 5.458700732846598624e-01
1.082483523635624056e+00 4.917689594097973682e-01
6.143938848844949785e-01 1.078181018396156543e-01
2.019364260485887463e-01 4.322910769327093505e-01
5.687604275405298004e-01 4.244589141600128013e-01
-3.702824066196531705e-01 1.817050864020840484e-01
4.361914959451858032e-01 3.722731894137331632e-01
-9.248804599049292863e-01 2.362626994661201907e-01
1.031960777369817173e+00 2.224017525318265978e-02
4.011016162058251844e-01 1.186142425667231493e-01
-2.459709744010696308e-02 3.244844173904430362e-01
4.959906246831844445e-01 1.127326762915005220e-01
-6.015721043321746730e-01 1.199730257398413241e-01
-7.984912305378528696e-01 2.091808770641513382e-01
4.354991407815040905e-01 1.094307999175991516e-02
6.909595162634303289e-01 5.296552159622390510e-02
-8.667085729171185582e-01 7.749228721695013145e-02
6.759722857545495955e-01 3.882514353983621547e-01
-4.873578178425320706e-01 4.301735874144967131e-04
1.437228677570516755e-01 1.545875245608893112e-01
9.649334126073332296e-01 8.801637241454248750e-01
1.101555690160255896e+00 2.067885872732051211e-01
3.976555525121976409e-01 5.068492812098530642e-01
-5.736163280786483742e-01 1.090034133497081066e-02
-7.138571921608327653e-01 7.883330094174108293e-02
5.759615838029463752e-01 2.620601577695294213e-02
6.093794256329805314e-01 4.750957143817544637e-01
5.816275561871735444e-01 5.837101821328621876e-02
3.555905018668426010e-04 1.248127478258406198e-01
-1.013831988250317728e-01 2.018426451373817598e-01
9.495888937835579302e-01 8.026140112273970617e-01
2.676172409187067558e-01 1.077150731436836567e-01
6.999405069507769195e-01 6.749776858725375916e-01
9.323215445782226940e-01 5.314924351756147303e-01
9.171415716808781760e-01 4.985866398656868537e-01
1.035343801760509219e+00 4.833656246817268354e-01
1.010748356835613482e+00 3.573233917692692496e-01
-6.691983383844980482e-01 8.084187152381090702e-02
9.420800733248866354e-01 1.338953359849577029e-01
5.304705668299707355e-01 5.897168700634909388e-01
1.313408281492700613e-01 2.697426425653312032e-01
1.003330578544674445e-01 1.153158668231590023e-01
9.989897788880583995e-01 6.470687688796681325e-01
-1.803169717704901087e-01 1.556790181968100706e-01
-2.630928031201553718e-01 1.873532224179758343e-01
-5.770252840537561934e-01 1.671073477667623375e-01
-7.961751377120716011e-01 2.289236856151676339e-02
8.716717377790086374e-01 6.346775511079055798e-01
-7.853856899985159901e-01 1.071273025103862686e-01
-7.027522463844118050e-01 1.586179153058357993e-01
3.329862153222697962e-01 2.870423726949765733e-02
-8.263006440665968677e-01 1.659794562174169708e-01
4.650749093792465594e-01 2.543345838852945628e-01
2.393468272771124283e-01 3.587058366560782474e-01
-7.530192725846486246e-01 1.013677109678297744e-01
5.604002537544108264e-01 4.869987913575908878e-01
1.069791959906484458e+00 6.509573097045198153e-01
1.069883052844577964e+00 7.619505075309855879e-01
-4.614048355010156310e-01 2.092202280422830185e-01
8.983007041454096342e-01 4.730816094535642558e-01
1.027659957551616099e+00 7.107575498414673287e-01
6.280061169026740497e-01 2.170798670211579462e-01
1.030839533387128526e+00 8.695837265566477292e-01
-2.747378958988103692e-01 2.531091867809856510e-01
6.054703012404163420e-01 1.171766629437414609e-01
1.605133685619191120e-01 4.216813806376340512e-01
8.466498130791413335e-01 4.392274944261818082e-01
9.618718298732289451e-01 4.926411447462645810e-01
-5.209845814205207315e-01 3.486477310129227486e-02
7.102231582669251697e-01 2.487118777819679605e-01
7.007760273565395437e-01 1.659079054075572324e-01
-4.199152373634862379e-02 3.612951017673904919e-01
-6.037303143732080102e-01 1.943802556788394864e-01
3.538466170053875537e-01 5.922087418755971056e-02
9.324050997922526118e-01 1.099350270020048037e-01
-5.187146384818523970e-01 1.653426684344488640e-01
-5.873354216974032704e-01 1.172235253111266473e-01
4.134796262087558905e-01 5.456166565751001674e-01
6.493213942851903120e-01 1.016178635873792868e-01
-4.977971573341841705e-01 3.561781607976156200e-02
5.392269354445549112e-01 4.015163489012976705e-01
-4.971134176557128193e-01 1.784362599037743469e-01
7.256188604760389627e-01 2.591611991097015899e-01
7.386254245856926914e-01 7.246689761409041974e-01
2.934326682934287334e-01 2.866573990677279138e-01
1.350556419794801677e-01 3.761338545864201799e-01
-4.457502466509749572e-01 2.499917054489363966e-01
7.822206766859693960e-01 2.800379206434208679e-01
8.611647317046957628e-01 4.490200094664513197e-01
8.095913743604370438e-01 6.140626294121891426e-01
6.998351288671860182e-01 2.220123109609385692e-01
2.864645860452355031e-01 4.561201744403911573e-01
5.953503271075950565e-01 5.521620521589685193e-01
6.536906099660273473e-01 6.585477277706346388e-01
4.817003225302223246e-01 3.071518020942691773e-01
8.720326122587425122e-01 2.364680433025722617e-01
1.046482566797086733e+00 5.384479334329653893e-02
4.568368365999391223e-01 3.214925090128349927e-01
-6.627363487661904751e-01 2.060241260998975643e-01
4.803886941138417743e-01 3.335569834052448668e-01
7.720934107453978346e-01 4.674693950621079397e-01
8.061172369240607871e-01 7.061238978881794193e-01
3.355267985508987305e-01 3.038439854608860347e-01
4.856645501935039633e-01 4.989583217666405668e-01
9.816515239957213090e-01 4.068634587271537373e-01
5.455547334651418279e-01 3.236446089769557527e-02
1.074609933498266390e+00 4.966861073461137921e-01
2.790729384722185902e-01 1.847725621328286105e-01
6.697720686276400492e-01 2.916732427400483552e-01
6.218286924058364917e-01 5.428234772666501451e-01
8.164282738667072437e-01 1.879559454499435747e-02
7.275087194815972325e-01 6.103191518778765534e-01
1.083635772371079220e+00 3.031953071599918781e-01
6.444742851536533479e-01 6.492227693898168228e-01
9.878571703433896012e-01 2.847740039071197660e-01
3.105271510451232952e-01 4.503488422845746547e-02
8.410913641450037392e-01 4.031197199853200352e-01
1.033858751317010771e+00 5.511972753213815190e-01
2.900083669203812331e-01 4.901332929997541110e-01
7.170737665330011446e-01 6.318569114072122295e-01
5.398853608937945747e-01 5.985817036052512030e-01
9.263792717611889493e-01 1.507429958718624063e-01
8.170421253742816692e-01 3.519647930400522928e-01
6.049208233632996645e-01 2.924118954405815485e-01
8.476079790475130604e-01 5.012306724576528344e-02
-4.877174599749266592e-01 1.756635269995083515e-01
7.227935753823688803e-01 4.278677525243628210e-01
-6.983163045909370759e-01 4.272298441180307632e-02
5.911776462146935973e-01 4.922017687760889548e-01
9.940179813441827328e-01 4.498752081862213426e-01
-6.496221248272380233e-01 7.590905337674691555e-02
6.460667567015898616e-01 2.399742010444545215e-01
9.975263902979594199e-01 6.136851960889960766e-01
7.379270980987864270e-01 2.079004514356692646e-01
-5.809561726184374608e-01 8.680175106426857301e-02
6.693328421262143557e-01 6.547413664290738788e-01
-3.448232185842075026e-01 1.668756106111999316e-01
5.886631908188777462e-01 1.702231738627347224e-01
-6.537063660908203344e-01 2.039884448542984285e-01
-5.749714543494910401e-01 1.101996546530772947e-01
6.037105440256429478e-01 6.101270103728428928e-01
-8.266366075663648116e-01 1.624775904072432164e-01
1.073005272968244217e+00 1.181500089787443364e-01
4.631773872661022473e-01 1.807252396859817811e-01
6.771319577169701009e-01 2.784987510247929343e-01
7.460213906209098855e-01 1.314978650011756345e-01
1.726100924066968911e-01 1.785434703530373313e-01
-6.320714260110904537e-01 1.677500476213746872e-01
-9.771301281220239332e-01 1.138264324949305600e-01
-7.355204956170862118e-01 1.718977461511794064e-02
4.627163868806234426e-01 5.558829608169610914e-01
4.823162161232974476e-01 3.832361806599556275e-01
8.370308278612232922e-01 4.430056947066085549e-02
6.156562610444495931e-01 3.887428443104933885e-03
-4.472908239016500920e-01 4.569866129015662942e-02
-2.504816668491086640e-01 1.710923827194571756e-01
-4.853977330121115319e-01 1.574661502030853810e-01
-3.072459224012104029e-01 1.754721479069264733e-01
-8.652964036875836484e-01 5.482434599537303055e-02
-9.111883629042168975e-01 6.822018381841382303e-03
-9.487796306288166504e-01 4.023799831786321023e-03
1.070801576492227181e+00 8.218643395424080067e-01
7.092672898682057525e-01 2.043121357391440851e-01
-1.988279599020339461e-01 1.811718951424871049e-01
2.768018319610459077e-01 3.620716343410894100e-01
5.793179594906319174e-01 5.210518314246539440e-01
5.114386071824021940e-01 1.106763442936723185e-01
9.720685728592888264e-01 2.068093897684924326e-02
3.188272276138734984e-01 3.962982575728178913e-01
6.663767250785486151e-01 1.809439074309017181e-01
4.646516316988555939e-01 5.555364488574819903e-01
1.106985495782254247e+00 1.286279508546519512e-01
5.295179897141801817e-01 5.811396652523138640e-01
-2.727625863779425952e-02 1.519685274317081614e-01
8.463460858031861545e-01 6.683646986780998889e-01
2.145171787948385589e-01 2.561084808476494223e-01
6.718405569147616330e-01 3.176201673037593598e-01
5.184051451456253012e-01 1.688599372094372886e-01
-3.778575010921831900e-01 2.229157521819301602e-01
5.827728183492928427e-01 5.278797405183283803e-02
-5.535802275894687874e-01 1.320236299109227573e-01
1.477926007166388001e-01 2.822290084727018811e-01
9.347185595774756273e-01 4.803613007565569193e-01
4.037001085930136401e-01 1.759153077309731084e-01
-9.459953489736774301e-01 1.910509726062928626e-01
7.863457260352373357e-01 1.717575351242483783e-01
1.500796788539893178e-01 3.512431235639291993e-02
8.206456550990515186e-01 1.283695844339292902e-01
4.478717237766589587e-01 4.524446130461016180e-01
6.560094139671588387e-01 6.470296035590764605e-01
-9.744499512453702605e-01 5.069720378617721679e-02
1.666815085604023139e-02 9.737303434624808296e-02
1.023473999739912710e+00 1.681363512563064655e-01
-5.452978473693691486e-01 1.425782002347521227e-01
2.629892700918805559e-01 2.868483509495469153e-01
1.010881649477182620e+00 2.867675132236062741e-01
8.129162934971898569e-01 3.429141045747500782e-01
8.016904293828508443e-02 4.038770385035034272e-01
-3.358511240987347435e-01 1.306115958009825273e-01
4.594766346256560219e-01 4.742795756534449320e-02
6.455491306124661044e-02 1.422959704225874172e-02
-4.922846161184213365e-02 1.411845133965284604e-01
-2.952115603489660067e-01 2.899509030158429201e-01
-1.369374647502842324e-01 1.873672729762824729e-01
1.094348638287863107e+00 2.894537619947693541e-01
3.418745198478037040e-01 1.624488124899701180e-01
4.241986251717611012e-01 4.698448221918820333e-02
1.001714468423437587e+00 1.553158487931897980e-01
5.767315152479128848e-01 1.127941732158587451e-01
