2.384972985534368206e-01 3.159676814301239367e-01
7.371451621500639817e-01 3.514179346497965373e-01
8.448749269241007109e-01 3.799274135493736770e-02
9.732305469673072640e-01 8.359750068276040613e-01
7.475768913602740540e-01 6.716142859218419137e-01
4.470132294598903044e-01 3.249800671565981625e-01
4.940601726470830179e-01 5.226347483331025140e-02
7.713336193853912448e-01 3.720867213635341009e-01
5.815335592667769671e-01 1.205916634029430695e-01
8.422402666759598588e-01 4.998712307107402997e-01
9.586785045797683313e-01 4.375549152107198747e-01
-4.436667191500098806e-01 6.511437729560232146e-02
9.119800521515852854e-01 5.839505456744909645e-02
3.405204068250533567e-01 2.816633070509808601e-01
-6.775648832937353205e-04 1.681218621079040021e-01
1.014015935335907059e+00 1.293529283165363863e-01
4.450081206828868652e-01 9.785459493167025791e-02
5.678486234876203298e-01 5.896550329767531462e-01
2.315146375513237320e-01 2.715960819628721046e-01
7.549344453814503808e-01 4.211047105470395735e-01
2.457834708177031313e-01 4.416353363276875887e-01
4.825519393979331717e-01 2.437603426966349907e-01
5.754981517822734816e-01 2.372664855204209833e-01
5.010472476862373181e-01 2.999644296317778847e-01
3.106120936207164007e-01 1.934047008658535847e-03
9.778737756945250492e-01 8.408727344277809879e-01
-4.256059696914582524e-02 5.741018765261856130e-03
-9.914583818304786300e-01 3.878223845790101237e-02
5.081765472928458927e-01 4.431041786298771656e-01
1.036440505981096383e+00 1.076331160087284772e-01
8.641951535943874774e-01 2.358787834066340683e-01
-2.987356970965638903e-01 2.054370167599492980e-01
1.053416613153889347e+00 4.124766217958900638e-01
9.038716586208423998e-01 8.078117706692005129e-01
6.318824443309383199e-01 2.267429233471996985e-01
9.713382175964975218e-01 3.579469820579428418e-01
1.101292150572624529e+00 5.763837602566157514e-01
-8.594445443070724000e-01 1.625021739365787865e-01
1.788470962070780601e-01 3.869762764098785834e-01
2.998380185802114184e-01 3.778701459194422352e-01
9.432896149503349204e-01 4.016644654199775233e-01
6.518179323405217662e-01 3.085441681146482429e-01
4.167893381227407712e-01 9.911343693129394394e-02
6.364043174136633230e-01 4.352182120884983685e-01
6.963708482722139603e-01 5.351854294050732014e-02
3.521978701082362218e-01 5.125655996946520965e-01
-1.782567131675008021e-01 7.766128060433862001e-02
4.259150702535892119e-01 4.020929380831971822e-01
7.135667090425688031e-01 5.987006839448815176e-01
-7.276598184114624335e-02 3.077926002235482628e-01
7.796642004241525203e-01 5.571389677795529627e-01
2.846232056985287251e-02 3.623193642589280228e-01
1.288033372348595940e-01 3.752856938017638533e-01
-3.109254311837296170e-01 8.573532136205405663e-02
1.074857252339893154e+00 4.641675111994510994e-01
8.939102759014148081e-01 1.644057288129293914e-01
3.550303704904347324e-01 2.922033535696038631e-01
7.849112533890374444e-01 1.818368226177637381e-01
2.860846895547219937e-02 1.256527446467795017e-01
-3.171173737734384046e-01 2.696757769935174964e-02
1.101545053225373660e+00 8.996445683624252343e-01
1.045461726528767787e+00 4.928237178945406582e-01
-3.213959597223658982e-02 3.121352353916705168e-04
8.829644814084245397e-01 5.177848633636200626e-01
4.452760518779146359e-01 2.130064840858233444e-01
7.141377999740166072e-01 8.728714941977588904e-02
3.788847875605867443e-01 1.554192151433282654e-01
5.664105953462199583e-01 6.204288064338300268e-01
6.866798049598252796e-01 9.951164144330747197e-02
-3.652831332774135742e-01 2.486594412016238931e-01
2.463167788509295075e-01 2.225712740039441362e-01
1.100622395660397324e+00 7.673779423005867573e-01
8.136274780411789642e-01 5.787963341288800967e-01
4.366843915083729044e-01 4.725838453640906489e-01
9.956868230604576375e-01 6.442696341741523947e-01
2.907408047370136916e-01 1.672384426996843462e-02
-3.213509245325441022e-01 2.411996890969683727e-01
-5.786846949233606097e-01 1.605665941059277180e-01
2.380665395517171934e-01 4.418641272077696303e-01
9.227587641630699000e-01 3.762375191861897505e-01
-2.831053244534381674e-01 5.193294928913293196e-02
1.055703601436865036e+00 9.488122294907916920e-01
6.231809483970167651e-01 2.668593106810202564e-01
8.713954814685900274e-01 6.154613933441690499e-01
-3.534234115844333557e-01 9.060211380839400253e-03
-7.992458803262035838e-01 2.745324684747135670e-03
-7.510629668503516765e-01 1.200787863810084538e-01
3.611092931737467371e-01 2.470394474392597906e-01
-2.216418610427209890e-01 2.140225773076807059e-01
5.120807521731469691e-01 1.389601433229153450e-02
5.274077592366173128e-01 1.120503607059809004e-01
-8.684691074952959333e-01 2.019602045620184569e-02
2.583279108542209102e-01 2.505255897513689045e-01
-7.677035832221498213e-01 2.668778520840723451e-02
4.640508647594747682e-01 1.376116579830104492e-01
-3.232271504505045412e-01 2.764586948739151673e-01
-4.855499042869643178e-01 8.831196396504295554e-02
3.814797833246201808e-01 1.199970339690353965e-01
1.298564339038581483e-01 8.439590517425511751e-02
8.683601816062056500e-01 2.918116548452599490e-01
3.055366590525441239e-01 4.503643666310973015e-01
-8.251134050040924706e-01 1.897485052176829945e-01
1.030738236349773018e+00 7.479746792522804499e-01
4.955043859421905950e-01 3.252387340732600107e-02
6.315363362558290561e-02 2.093766044396624670e-01
-6.233112551652503219e-01 5.473671536584408248e-02
-6.855319533847044067e-01 3.947680964226986389e-02
9.630242128512060962e-01 4.062293295344422961e-01
8.036112979535456891e-01 4.442631107755940639e-02
-4.777194364446030184e-01 2.242881631849543700e-01
1.508110408233220845e-02 9.154537373550469814e-02
9.729065578971491934e-01 1.276128598213076282e-01
2.788591043702168815e-01 1.622708031129414530e-01
3.178678866858319907e-01 3.913652109728472661e-01
3.205236478544200018e-01 1.040900767198136290e-01
8.020196061964202094e-01 4.034146460547194946e-01
2.041097696544635909e-02 9.897064283591390510e-02
-2.191536621619747383e-01 9.274217617583388473e-02
9.405244457709129868e-01 3.083320795186896279e-01
9.071680691907855199e-01 2.833972323754703204e-01
6.859438169363660798e-01 6.733958210315935666e-01
1.089376574503768680e+00 5.091724524583529643e-02
3.039463371629183008e-01 6.949138541156267557e-02
4.803924950755165124e-01 8.564020720112994201e-02
6.833428358270114966e-01 3.395955024188945237e-01
2.564229280160761348e-01 8.120006022514862642e-02
2.826133534517880630e-01 2.029271912658520416e-01
-1.333018706502095974e-01 2.919996206075999301e-01
5.775942994370120154e-02 3.465973145317063908e-01
9.148949099443319799e-01 1.201425109380970246e-01
7.325287032331326831e-01 3.154783322848193072e-01
9.949022565757514869e-01 5.758179592849944628e-01
-9.086516443165117973e-01 4.696652897923890568e-03
9.270840822565611372e-01 3.236881878981228700e-01
2.634668238311543842e-01 5.385629730482010408e-02
8.480944293513601462e-01 6.129575741562504065e-01
-5.908992382520288356e-01 1.852972447796535638e-01
7.479863674881921387e-01 5.372843509002117601e-01
8.344559647547360459e-01 5.626928706896499044e-01
2.706303232888347399e-01 1.511798558084569422e-01
-6.510457999761316561e-01 1.959908951004152855e-01
9.723985426044905456e-01 2.024839044293664514e-01
4.110360202523075657e-01 1.204713747913782884e-01
-6.152646429889253588e-01 2.238264557751063755e-01
-3.059749347720508439e-01 7.636196493258265439e-02
6.715776676240241549e-01 6.471302352758614984e-02
1.042263929242935649e+00 2.777834782804344260e-01
6.932996907881932014e-01 6.180648910108147431e-01
7.413738969768870479e-01 3.389640565105854209e-01
-1.222576370725046990e-01 3.982594130884802713e-02
1.077686232184280613e+00 7.397926531801863881e-01
4.735275411728003814e-01 2.803460573387230315e-01
-3.321299391832405190e-01 1.148482631705694812e-01
3.256036634518908457e-01 4.679481254601323137e-01
-5.425591309925210659e-01 8.923354105315277340e-02
4.497824551381126579e-01 1.936204234549601944e-01
1.050346027156748185e+00 8.427635342850089417e-01
2.151197973455341028e-01 1.512483636918688680e-02
-3.300564045671448010e-01 7.068799444060834547e-02
9.277835651797077254e-01 6.396432539159294106e-03
8.663890753769529773e-01 5.712899135381008797e-01
5.907089499700037827e-01 3.368478117955465284e-02
5.978663677763460527e-01 6.271808664172733305e-01
5.622930022056988886e-01 1.903957744229899662e-01
2.153372187972208973e-01 3.307812115593449231e-01
-1.305294149591302855e-01 2.506344461677927904e-01
1.007264794425782650e+00 5.395743704621871473e-01
6.499018923176591578e-02 3.341791022372428976e-01
7.712081122234539787e-01 4.394081546601692478e-01
1.009979069365900095e+00 2.915335950117728392e-01
4.650021715506056363e-01 7.899862017985820328e-02
-7.110748330663829719e-02 4.795781909721549136e-02
-8.387500660384314966e-01 6.125071602039196261e-02
1.006252247058748939e+00 5.468138330584194629e-01
7.448700298892250160e-01 5.879382422462032798e-01
1.041146031684767603e+00 5.431228603840777130e-02
1.032920804619126276e+00 3.050734585916305419e-01
-9.571215397430058447e-01 4.694816749726827415e-02
-3.233224367628073637e-01 4.016650525859771087e-02
3.676370469994354462e-01 4.893255008212105683e-01
2.061123410145846435e-01 3.553083496648737349e-01
8.232304912129180252e-01 3.861972456196316461e-01
9.174591317913813882e-01 1.255819282321005703e-01
1.108826309200084292e+00 2.905487871525825813e-02
3.001852489928626966e-01 3.671577925825094124e-01
1.006643848615734083e+00 1.137146591760623271e-01
6.432372186111112722e-01 6.757957179990354835e-01
2.742211526421807211e-01 2.417695354909323302e-01
5.415731290398064779e-01 4.486931051102371892e-01
8.350793121307267253e-01 6.921134423732118179e-01
1.052472194064504318e+00 7.297215935145545673e-01
-3.153666995689005104e-01 1.562181645798290941e-01
6.271719502381436495e-01 6.794473250460525415e-02
5.968344952803255055e-01 4.404704021556109517e-01
-4.210708459923759861e-01 1.298910171946786873e-01
-8.856293210145176342e-01 1.041652974337876486e-01
1.012656428453655444e+00 4.769619243188973901e-01
2.550315907589517650e-01 1.177251121325172539e-01
1.065136794806920584e+00 4.113797522748181834e-02
6.866444524048036513e-01 5.265707886868637999e-01
1.091771531253742378e+00 5.830975702823071316e-01
1.020226420771658482e+00 4.489008843186574338e-01
4.539986252803622779e-01 7.573228223570908912e-02
4.979891912001455090e-02 3.319941864477420346e-01
3.222285369942805566e-01 1.053781934721122540e-02
1.095205979091633974e+00 9.618070430109202373e-01
-1.543252622028412624e-01 9.330809704553073847e-02
6.580201802883038908e-01 2.076547151601263741e-01
1.027450368828380256e+00 4.201087727006173611e-01
1.067912749076631584e+00 1.079755143488998759e-01
-1.335386607286936922e-03 9.122552352991432356e-02
1.061647563851967568e+00 7.914971373535180099e-01
3.011843026960869807e-02 3.039344826107248654e-01
9.402756707584245532e-01 4.391134627906125715e-02
4.286232134308551878e-01 2.999274290544511890e-01
8.588654933996826557e-01 6.927427218524608854e-01
-3.532444758262209827e-01 2.022148444018900537e-01
8.160928309646888756e-01 2.123384033435813667e-01
-1.759976558614297915e-01 4.546851055649226564e-02
5.894456496064679474e-01 8.903217846138837543e-02
4.956720267323166951e-01 5.835310692287123402e-01
6.160877572521608059e-01 6.480397330746360358e-04
9.691959866250723366e-01 5.485397590645300081e-01
3.557816204463939425e-01 2.496922867189902140e-01
1.011162218414165537e+00 3.573362526629893510e-01
-9.495175677853729956e-01 6.197737653583147016e-02
5.243886867133495944e-01 2.333879957343082956e-01
8.445382088002963972e-01 1.346036600144122179e-02
4.009585444519312425e-01 4.613836455278636506e-01
5.369720943477258590e-01 5.703817458639962590e-01
1.013623479193600740e+00 8.265046908104127787e-01
9.471620404325773457e-01 5.159324327757027762e-01
8.190139446296942349e-01 7.746858222508884451e-01
8.302211530783114579e-01 3.055191207125544650e-02
5.390938590778844297e-01 4.554076316098925603e-01
8.303919849360681393e-01 6.414919179797710837e-04
5.810219735957120601e-01 5.472050421105763007e-01
4.182799595922495062e-01 3.057802550391741092e-01
-4.491926307258271578e-01 4.264736233320543662e-02
9.364147695774205360e-01 3.664871534038027234e-01
-8.612351940502616099e-01 2.067753211302828520e-01
-9.322649771021684906e-01 1.191545980299732466e-01
-7.268494675139820504e-01 1.755180175211952798e-01
2.225512116629577708e-01 2.204602815818373085e-01
8.042292457180164611e-01 2.926155922823558408e-01
1.107511099364772544e+00 6.128801478516322510e-01
-5.337631110970691983e-01 6.130782785227257420e-02
-9.000182332965862564e-01 2.330229568683784280e-01
-8.053925325459060369e-01 4.687945988807749875e-02
1.106537242924131359e+00 4.277505272472952869e-01
6.617075962563037095e-01 1.699303618956098383e-01
2.270917337719549067e-01 2.634664824334692068e-01
5.243415605244730049e-01 2.272914001353416869e-01
6.928681644554406382e-01 6.353031371814614747e-01
-5.009494142903265779e-01 1.676536224720586166e-01
9.334248552610975302e-01 5.015939314814910066e-01
5.847183703359575269e-01 2.538668809872996479e-01
6.481281049297356045e-01 4.173430039796169333e-01
4.888137926022164681e-01 6.223629012468166050e-02
9.835457036868713310e-01 6.769092927727902165e-01
9.186264515174527023e-01 7.508815749167490061e-01
1.034762003648265871e+00 7.164697219324053235e-01
7.430766536697699376e-01 1.074266886018895861e-01
-5.752940535047910142e-01 1.252611515848900958e-01
7.204696074077430179e-01 3.115370063847383575e-01
7.082004567360120628e-01 1.212581581575103776e-02
1.080793890665578516e+00 9.792957255636097758e-01
7.442176105966349375e-01 6.494709172511847761e-01
4.939636373820104343e-01 3.770503842878993317e-01
-8.669469032949350673e-02 1.713814119758795551e-01
1.447403871425116950e-01 6.933406494940277942e-02
2.512169361630547382e-01 7.603828391649382346e-02
1.070571426961398398e+00 3.848176254463460677e-01
8.095733553827497708e-01 5.666324182283408728e-01
2.098213547621530228e-01 1.939514605754687482e-01
4.870219814906082689e-01 4.978218331135335073e-01
1.103498962148367291e+00 4.369627199398811723e-01
-3.581248821558528084e-01 3.895219707799896930e-02
6.686762582391050369e-01 6.080164215075520850e-01
1.054517490776265110e+00 4.877136455019099315e-01
-2.500772958241246346e-01 2.746467538545369069e-01
8.935346491003564040e-01 1.927031147939209932e-01
6.084704567400620601e-01 3.756917390907248966e-01
-3.481699164449388872e-01 5.830688024383852419e-02
2.254767221039517544e-01 9.465358210854976639e-02
5.931155826868124148e-01 3.271970067507933289e-01
9.713129067247252557e-01 3.318431908219864335e-01
-8.645129630558958667e-01 1.005491450308638318e-01
-3.562320177559962220e-01 8.911960056105905359e-02
-6.619532553515261597e-01 1.333349632402643647e-01
-2.366596223275174715e-02 2.979615155168854196e-02
5.888367560096212650e-01 4.439629836307206756e-01
1.042264180956599340e+00 3.008073184515986931e-01
2.184355727384710288e-01 1.172999562884000264e-02
-2.055454520655644046e-01 3.050453361365345617e-01
7.238699317776173814e-01 1.297538155739289545e-01
-5.527657383691113591e-01 1.645188653451264416e-01
1.072526756866776676e+00 1.374308492598437514e-01
-6.076623373809475481e-02 3.163091190990904300e-01
1.038161756172173433e+00 3.915253912698816174e-01
-8.093626150254610296e-01 2.166692121586914210e-01
4.868830746140537791e-01 3.169575340689036458e-01
1.099526833470752418e+00 1.189064933032364102e-01
1.076052046924580452e-01 1.801540743330695693e-01
7.143003025882352919e-01 1.437497428195024241e-01
-4.285201274658405612e-01 2.043596885796727380e-01
-1.167375973593561822e-01 6.623217358685405849e-03
8.451721564300380685e-01 1.465397344815996539e-01
9.739046506455959484e-01 7.852793717785584438e-01
8.390568437481915609e-01 7.036569197466671088e-01
1.007711468044630632e+00 3.509479124084455837e-01
8.015659123774909744e-01 4.648229363662915170e-01
1.020536533378484823e+00 1.736867544746197312e-01
5.535996228263697638e-01 4.906454681944981133e-01
-6.711707679536937921e-01 2.544574578681120178e-02
7.609407985964811161e-02 2.116880420550874744e-03
4.703441257085356764e-01 2.889308957352609841e-02
3.733204306681032758e-01 3.721492215773954948e-01
-3.104394254763787053e-02 2.189889162106337939e-01
8.929960518862989360e-02 3.615077576095113154e-01
8.730417769201934686e-01 6.584100711562509423e-01
-1.240327650990069586e-02 2.499004609143996580e-01
5.413868750125101492e-01 5.270021681796047686e-01
7.442580100123619147e-01 2.748757822395609396e-01
9.068387088668730112e-01 7.592242189298466226e-02
7.063172481237742772e-01 2.472749704176826352e-02
9.736869905863043684e-02 2.000590403884271729e-01
2.301268675297232225e-01 8.673026798340759125e-02
4.973038784603502904e-01 1.296098140289953238e-01
-7.368867669375875895e-01 2.355688592561909211e-01
-2.533612750138689584e-01 6.893512842748060476e-02
-4.487747990622360517e-01 1.860519293887577530e-01
-5.481670148089579087e-01 1.761665593087187454e-01
6.372922451714146952e-01 4.320174866901907995e-01
1.019439325381462869e+00 7.771924896167468066e-01
9.118263805560957724e-01 5.715966740337943275e-01
-4.202958064764028556e-02 1.194999748216833829e-01
-1.146064432775998343e-01 3.202922451283435890e-01
7.986722622025705931e-01 3.416720575535415194e-01
4.969814752922698808e-01 2.637512336298434290e-01
-3.287523284252706901e-01 4.008328433412016584e-02
6.776487076971757784e-01 5.329620789965714422e-01
-5.744780533907993814e-01 8.826668218194404225e-02
8.461539524717649474e-01 5.278685943684936488e-01
6.860801980142430256e-01 6.916963455297640007e-01
7.971803574543683268e-01 3.411826655940103370e-01
1.652557066481994408e-01 3.391993271194723159e-01
-1.079842580634785554e-01 6.905150292029214876e-02
1.098408851908407424e+00 4.843639785410655541e-02
5.844345790959826203e-01 5.288946982942879238e-01
5.098116399290859579e-01 2.691449771978781103e-01
7.873120956745631727e-01 2.384332346846076145e-01
7.805822892616456343e-01 7.083215997613719894e-01
1.067623719768503232e+00 2.407022565997762598e-01
9.246482608607478060e-01 1.872797778254522635e-02
-4.494048936531486182e-01 1.413334205723449366e-01
4.811314090077589700e-01 3.298890467102744833e-02
1.104300161711162964e+00 7.797467114968132940e-01
1.175202792378913230e-01 7.346109470372258476e-02
7.437739472320266110e-01 2.939227710055373755e-01
8.482163575929815291e-01 6.315172541331318667e-01
1.062739927723251210e+00 8.474127648539805380e-01
9.828507851818253371e-01 4.949120339693351966e-01
8.876470771594577869e-01 2.061750238647526781e-02
3.243293937027384999e-01 2.817115272706027240e-01
1.044337714333993361e+00 6.674987597497833436e-01
7.611439923315255207e-02 1.989418028272082195e-01
7.927670078496031891e-01 6.765742168405616264e-01
-8.336161729439620638e-01 1.109468648575494543e-01
-1.954474078397701042e-01 3.001031065287493860e-01
2.468506999171697913e-01 2.737791492718240627e-01
8.324743153111333616e-01 4.406757534357201855e-01
1.102740139303781230e+00 1.502338760534961126e-01
-9.584708592178742270e-01 3.414456647686182206e-02
8.502022215637266012e-01 5.192260757282370076e-02
1.010466033655462059e+00 1.842264214965226021e-01
-1.103426028168422723e-01 6.089283859918399530e-03
-3.851397363532638174e-01 2.130047449369701917e-01
-7.216291962860066356e-01 1.664787146364498926e-01
1.380186071123574720e-01 1.302116317726133010e-01
-3.283992380685295531e-01 2.369374076962948161e-01
8.195725700610931863e-01 7.674367329609795008e-02
3.995828501222153939e-02 1.300125201414415455e-01
-4.394949043032068126e-01 2.329896872112712514e-01
3.716224654025825913e-01 3.837211147373870146e-01
-2.222498821798156721e-01 2.871812116622499689e-01
8.596677086470654316e-01 3.325065326633613871e-01
-6.867682053526260599e-01 1.148390527796959160e-01
8.573494089717550448e-01 2.914242459469897351e-01
-8.839826614915560210e-01 1.084388135053722529e-01
-2.525516395818060422e-01 1.613903720865248193e-01
4.149072116647842812e-01 1.357462017742334104e-01
5.438909909581453039e-01 3.469833487813378525e-01
-7.250945401054487149e-02 2.723196985229591194e-01
6.143370346635732560e-01 4.668579054117294458e-01
1.141686503256293950e-01 2.923278966416218427e-01
9.688439437442721847e-01 6.772587906332083740e-01
1.268388667709090534e-01 2.965962411924517039e-01
5.409513743355098825e-02 3.198708024563334251e-01
1.922777148770222766e-01 3.800372137890181690e-01
2.859346406971030596e-02 1.870560113084574205e-01
-3.846898672831394750e-01 2.666438846639568663e-02
-3.996398136537565593e-01 4.710132950785460987e-02
4.661133906673788907e-01 5.273488250581925829e-01
4.229229902920683681e-01 1.258764918182900816e-01
-5.826222729851560089e-02 2.141826487102330701e-01
-1.361574218087799881e-01 3.012081013337858937e-01
4.153448749696064812e-01 2.928739375653021115e-01
7.600142151506001920e-01 5.453689198965161467e-01
-5.419488046172962203e-01 3.550136626420379721e-02
-1.497316537932376068e-01 2.247467652733058652e-01
1.009805493689179823e+00 1.117332087810268826e-01
9.403372662494446921e-02 3.958212368964253436e-01
6.334899384836818470e-01 7.435909345396752093e-03
1.003707451696985498e+00 5.382637701353991666e-01
9.523154271075409127e-01 5.592264368331940627e-01
6.951574019434825225e-02 9.041637455149779956e-02
-9.882002149745071629e-01 9.272606676151226579e-02
3.903798079133022902e-01 3.448009972894856001e-01
5.260306687903888445e-01 3.877410295889965886e-01
-6.150796862298637535e-01 1.496502536239482373e-01
-3.005652379631855720e-01 2.668229633902933218e-01
7.546676344289060534e-01 1.696270414043494212e-01
-3.898798728619949916e-01 1.613728190706582299e-01
5.929045113014912438e-01 6.369204338107505026e-02
-9.219035156193113867e-01 1.970173592255746731e-01
1.069534018744938919e+00 8.036946539746062657e-01
9.190867782913079154e-01 3.732010321842895162e-01
1.587624952566335512e-01 1.567176918155699372e-01
8.507116446065499105e-01 5.765583812492607318e-01
8.573199104740658605e-02 2.351298422494220164e-01
6.923490385793134028e-01 4.238872928647153260e-01
1.068469939031924998e+00 1.961186936924333990e-01
9.481408461973483970e-01 9.361810536731163257e-02
8.876233937114024197e-01 7.322086443011889267e-01
8.604351102968490483e-01 4.367397741656456889e-01
9.642311253799269455e-01 5.934749718373644178e-01
-5.414007743699126296e-01 2.202220875648159826e-01
5.825324420206106080e-01 2.172700471517602927e-01
5.757079870995813753e-01 5.415781655198447231e-01
2.862489337156952640e-01 4.134218476009788312e-01
1.019687369049703918e+00 7.537990693940469500e-01
-2.123806129357461714e-01 2.548778531735891237e-02
6.202144079604712257e-01 1.327938351050937105e-01
8.624888310701790406e-01 7.888317127666536477e-01
-8.718961681564492139e-01 1.256468053566985321e-01
7.918823120415099392e-01 6.493961990105235893e-01
6.060375901446262148e-01 4.149009753881194862e-01
2.589746522517719640e-01 2.018821650798716394e-01
-6.751350557210681336e-01 2.260524018434527209e-03
4.631679005969557839e-01 2.440695261673813399e-01
-6.099924799350207039e-01 2.412145153396892117e-01
5.791659558353681181e-01 4.237157866033734038e-02
1.012259484186283309e+00 7.928760653913538015e-01
-8.965917798751359413e-01 1.578135523331481273e-03
1.081208109751018664e+00 9.031418656762102426e-01
6.372202880662283242e-01 3.645826320904823614e-01
7.771512160918652157e-01 2.154361245531755675e-01
3.717682208781523112e-01 2.877799691740697829e-01
1.101451147317002999e+00 7.982089609343024916e-01
-3.887957963046067000e-01 2.514356510087747965e-01
3.202548667867430865e-01 4.682938549912729620e-01
-8.899284736569651466e-01 8.961727571219793576e-02
9.148196600597671146e-01 1.429304653096555300e-01
-5.318689032989425414e-01 1.730688029354240098e-01
9.780097211720208961e-01 7.442791003404881645e-01
9.178064911265262360e-01 5.802028394228885694e-02
9.958931030753768177e-01 5.675249723748850839e-01
8.561000483036200759e-01 1.030000033084064043e-01
-1.040592737996631767e-01 2.735949328079472220e-01
-4.923085467452716912e-01 1.519037207689050983e-01
5.499454503877783118e-01 7.169616396593531116e-02
-8.609324917718034209e-01 7.050228882761863658e-02
9.757548638108730632e-01 2.842268450388913403e-01
4.944710505187299709e-01 3.302692144758357928e-01
2.387371398707933690e-01 2.852784746791238724e-01
7.228616785252184318e-01 7.237808065711425209e-01
6.996985726637874325e-01 5.449523005629122174e-01
6.644654852773301812e-02 3.163242098205381603e-01
8.217740910098365603e-01 5.753149089913709435e-01
-3.245659340386831682e-01 1.523720257997225880e-01
1.013093614235831552e+00 7.461604132517568599e-01
9.814750222433694660e-01 3.149761703729604956e-01
-4.381907442368200289e-01 5.176668443064372238e-02
9.869983856126229860e-01 7.660666271994835685e-02
5.141243549403260449e-01 5.786157550666394256e-01
2.307498895119923787e-01 1.944136476119952828e-01
9.603616438473825401e-01 1.194701512634977758e-01
9.772343685119633250e-01 2.333193237752505811e-01
-9.218813630232193246e-01 1.813926991338309369e-01
8.341304610191158098e-01 7.818904416389828027e-01
7.463486689802594221e-01 5.720144568622316239e-01
2.612162130556334727e-01 3.325254702539711116e-01
1.669074453013976722e-01 1.126389148057475587e-01
1.025731615820351550e+00 5.189802618219337971e-01
9.317739289896529442e-01 1.357089543953138022e-01
7.856720119501872102e-01 2.857559704055241401e-01
-2.095662376836553431e-01 2.441957478659170788e-01
9.133271279867054560e-01 3.577516038424192191e-01
9.838670009899965763e-01 4.637148551892420478e-01
4.225745367488464854e-01 5.121705050937203074e-01
-1.454166319499859972e-01 2.126398597262514067e-01
7.438028932678448779e-01 4.987068359628782921e-01
5.969075273341746257e-01 4.418640843431718979e-02
8.434652127171338165e-01 3.039738790446721572e-01
4.852520658405972132e-01 3.230503568348013776e-01
8.326245154297475803e-01 5.889278836350358981e-01
9.850158788128715592e-01 6.205329657155603806e-01
2.099663681814485372e-01 5.404747106993869343e-02
1.243466617126094409e-01 1.410573408767912540e-01
1.093728591888654122e-02 2.874839561359260887e-01
9.379501570562975843e-01 1.981653590123622077e-01
3.892408470033825729e-01 3.060377764478359186e-01
-4.056171009189495358e-01 2.253765419380175383e-01
1.983045125915043894e-01 3.382174592837908222e-01
8.508038809520603873e-01 9.350109320458471762e-02
7.546302795394386198e-01 3.553044477531998036e-01
1.059974041624646368e+00 4.794799051579867050e-02
5.465234983051152629e-01 4.677936515755231617e-01
-1.772791825283953626e-01 1.005019841934794295e-01
9.494191357687737920e-01 2.558230276243644852e-01
-9.948216574042493265e-01 2.306885793735543866e-01
-1.456155411899443530e-01 4.543885305144518966e-02
3.525838130046186070e-01 2.652929780798148895e-01
-6.102619654197309895e-01 2.433931698946994737e-01
5.541956884603400635e-01 1.836110824757349602e-01
9.190818361589436769e-01 5.211615695050092478e-01
5.298047814826849500e-01 6.679617287532011762e-03
5.657212611868100982e-01 4.542226244621038189e-01
3.071113316597995357e-02 1.114177309072070521e-01
6.516554115130417379e-01 3.074056743148297355e-01
3.910805759704947260e-01 1.778199068893369095e-01
-5.658794161812354950e-01 5.499840836168666189e-03
7.268045830207530145e-01 4.157064689237728872e-01
1.082179600271815811e+00 3.979225224643467840e-01
5.248795837227100414e-01 5.123010009339353799e-01
1.067774356907549294e+00 7.647946452111322735e-01
-4.292472294883629136e-01 1.671563379968162011e-01
6.777102629104829745e-01 3.531021579970828883e-01
5.573193378616214666e-01 3.716128795745837765e-01
7.453171840512835544e-01 1.392119683613093906e-01
6.925889049770272976e-02 3.989917795784000965e-01
1.101200094891733539e+00 8.317247180741330626e-01
8.289644253704437915e-01 7.365141041567321301e-01
1.884255712137536953e-01 1.844474082801679793e-01
-5.326027505946711038e-01 1.624551326114574423e-01
1.957847660378528865e-01 3.798942151693419644e-01
1.041580010254462785e+00 3.466716731130017326e-01
-2.374610296664292353e-02 3.577781091124880297e-01
6.553699241287096466e-01 5.728728518921584190e-01
6.426735148991746804e-02 3.170243444370186570e-01
3.426509317291130952e-01 3.183287013004348354e-01
7.778412058765933335e-01 3.529835200455733180e-01
3.103258853086452440e-01 3.671325448571297612e-01
1.042565863229877987e+00 8.641068031275106476e-01
-1.291848070156822459e-01 3.619055192938025467e-02
-7.477801806705903775e-01 9.769341020270147502e-02
6.742680923987478536e-01 2.795008337722735270e-01
-6.794431277562822391e-01 2.228672493287781609e-01
6.901253344835605041e-01 1.348548880366680913e-01
3.806280854513033329e-01 5.561098038803392180e-02
9.675771332810898517e-01 4.396389049203370258e-01
2.900853032267658449e-01 4.006582695446085918e-01
9.181488085194482451e-01 5.923289124085038271e-01
2.811168561915056152e-02 2.294301675062727641e-01
-1.159973176255135741e-02 1.817929544903376937e-01
-6.224203197696198675e-02 2.927348599803880277e-02
9.502462631524641878e-01 2.792086828828325706e-01
5.348961616154639387e-01 4.854939284403806399e-01
9.847498239365020112e-01 5.445725294675058947e-01
8.133908482510752158e-01 1.330938014044493467e-01
-1.719917443686764802e-01 3.772458303804039018e-03
-2.517341466397325922e-01 1.991741702099348310e-01
-3.310217446514325257e-01 7.582659424346057699e-03
-9.722213005817801346e-01 1.631018294534847535e-01
-9.048890167693787179e-01 2.261099734427223645e-02
2.367576645438336236e-01 3.049921096351986272e-01
1.535502190946571588e-01 2.715379598899452240e-01
1.068694010279085393e+00 5.861264459961579298e-01
5.517325922410720729e-01 7.637755469096045580e-02
-2.520945708033159871e-01 1.624612359705592812e-01
3.832890773458808020e-01 1.917922091732841838e-02
7.572034067531399071e-01 3.536204570588104557e-01
-2.916273804537494740e-02 1.519117545536006475e-01
1.741812076148581134e-01 2.378275063609187334e-01
9.396673095872272174e-01 7.604624327670969075e-01
-4.256938185924385998e-02 1.764687999068223212e-01
8.728397803809018196e-01 7.955186758302387195e-01
6.935306424874889686e-01 1.322394486005334380e-01
1.076073278631333174e+00 2.579699271883980072e-01
9.952212972492957554e-01 5.767814062438926248e-01
4.351965084216793400e-01 3.356446863944613224e-01
-4.221779291169335258e-01 9.543662789931671442e-02
9.783306333901786722e-02 5.234613347610839879e-02
7.481395162369288698e-01 3.642687294023380096e-01
4.967784338787897269e-01 5.935679787084443548e-01
3.580891784762929575e-02 3.636842474975552492e-02
1.043128448338181080e+00 8.995092270429958514e-01
-9.868922732814361387e-01 2.854644450673238937e-02
8.466082753596617660e-01 1.575856976610201798e-01
9.795228748761750648e-01 3.829889556123253214e-01
-4.807122570329993572e-01 3.081079226368806795e-02
9.634610142950810197e-01 1.163507388194067876e-01
2.345526109689264338e-01 1.015201383125969581e-01
5.585312151956212112e-02 1.451505146740040830e-01
-4.853578406313370230e-01 6.537904220860875359e-02
8.051220017310092292e-01 1.193569227112496051e-01
-8.616942127341875590e-04 4.238373609512167961e-02
3.052328839595979115e-01 4.527593455697868086e-01
4.265662672710410774e-01 2.183290532466866107e-01
4.323979990031110443e-01 1.994587449772981247e-01
-5.371770400316349114e-01 6.946328975359505886e-02
1.831467474685846142e-01 1.069982973510023166e-01
-1.147693859463516652e-01 6.636767145064949303e-02
3.819958636915201655e-01 3.354243869814335643e-01
4.604099646767292331e-01 2.247853070031728961e-01
6.561618744067323483e-01 1.421349456130641953e-01
5.001170018334819556e-01 2.407049255835186641e-01
7.326707816996915756e-01 1.065842560511726239e-01
2.914913494279212092e-01 1.533172991564372700e-01
-8.592518713518240148e-01 7.967377719725914076e-02
7.263688932633702855e-01 4.469417365495095829e-01
8.057506631368691608e-01 5.363471532425359012e-01
1.079100282417956524e+00 3.017900157703949926e-01
1.013580959308350682e+00 1.381029674298099863e-01
1.195585080339105488e-01 3.319292978648369363e-01
9.170997256496078442e-01 2.140735550517063601e-01
-5.927936795932210456e-01 2.227175749584178188e-01
-8.734956387555518065e-01 1.153385312527069745e-01
1.102612112743596828e+00 2.716618716473592210e-01
-9.001355178408063651e-01 1.910534317471887789e-01
1.001921455324875865e+00 4.042792251560725081e-01
1.009248199770438781e+00 7.244565121218029535e-01
5.609491756132629625e-01 4.688592210403531579e-01
2.038563457340736296e-01 3.703664723958651206e-01
3.570562302723614412e-01 2.457378496749358932e-01
7.575672445549463951e-02 1.128121914964880929e-01
2.891312198181088533e-01 4.488269648205989171e-01
1.081004166385323817e+00 3.105308928174427829e-01
6.276682454533673017e-01 2.776851970340104558e-01
7.557367122120006719e-01 2.186833299092884597e-01
2.466271367076782184e-01 1.221952097953871025e-01
7.577664793748910554e-01 2.740467713071497585e-02
-6.995903163220417165e-01 1.536483203738908121e-01
3.987624244481562386e-01 2.853617658948069402e-01
-5.672013823262589405e-01 2.129914693829403349e-01
-1.591067247122343042e-01 2.397936817661770748e-01
8.828237823934321771e-01 7.527566390437485655e-01
-3.686230599334751057e-01 2.281712222767912635e-01
9.924947768030092377e-01 2.027054607322607005e-01
7.673559704024264239e-01 2.059411521883329488e-01
2.940208043573191432e-01 3.857486144954762608e-01
7.817686106992012274e-01 6.236081974409467543e-01
1.074863125881472037e+00 4.950767138939237144e-01
1.601296151175819471e-01 1.844729540058213102e-01
-2.706998381864220704e-01 2.466203829099820610e-01
-8.663116318053504239e-01 8.465648933119070130e-02
-1.574004293355322215e-01 1.810339903653199467e-01
5.476423881359924195e-01 4.317141239189112856e-01
-8.372200315181654862e-02 1.994843387868711349e-01
1.088289989682587056e+00 4.226596611699202644e-01
9.056199013378485319e-01 6.022324256290729760e-01
9.061006495825605356e-01 5.324489921762355360e-01
1.024385256202546834e+00 8.336192915939766301e-01
4.758688996641660118e-01 5.392551350165213364e-01
1.055767539530767518e+00 7.451961848335957317e-01
8.832797280122213213e-01 7.387187738258967906e-01
3.123274978351830988e-02 2.653031593372146557e-01
1.057120275658570474e+00 8.558878680751322854e-01
4.636913137733511547e-03 3.627774356860910543e-01
5.041517608108332382e-01 5.238578226575444363e-01
9.265306896484539756e-01 6.840747388050895106e-01
9.670423104534129344e-01 8.073595071393006029e-01
-6.074801473376677530e-01 7.707256937704101002e-03
7.803548188766393778e-01 2.353966374316424082e-01
-1.272512111676044055e-01 7.463549460953135728e-05
3.747022054433175597e-01 3.821597363733643671e-01
1.014917665987622453e-01 6.905204129799076551e-02
3.183000668154327695e-01 1.584203706493606811e-01
8.905630993950153229e-01 2.480806845825841711e-01
5.838020704575153097e-01 7.176276686885842138e-02
-9.749985730029410158e-01 1.033275937452720200e-01
9.970575581591769598e-01 3.903371068010524358e-01
-8.332340910076441176e-02 1.513531902196483814e-01
9.568119005145627742e-01 6.477035507160116001e-01
1.916969033181323834e-01 3.404380985554091854e-01
1.058118754716058874e+00 4.240541128944418925e-01
9.728383550179469097e-01 8.593583320305865358e-01
9.398553009227685884e-01 3.241062312584724325e-01
6.735503568510374794e-01 2.910207672509297905e-01
-1.675714243751169619e-02 2.568407484580730871e-01
-4.678078378877030818e-01 2.321732944634739282e-01
1.784827505927744085e-01 3.379920167777233364e-01
8.545663689535925034e-01 5.650135682174119989e-01
-8.192060071643261221e-01 5.494530744229805114e-02
3.373928634800149595e-01 1.796695297240475664e-01
6.726929994500732146e-01 5.456437135490823653e-01
9.697240085469538418e-01 4.313677368194726025e-01
-3.355327805810170982e-02 3.475353002963512683e-01
6.187377959917319536e-01 2.218510178055895787e-01
-1.621290255650946754e-01 2.544872324024636812e-01
9.309557065352658256e-02 2.684807909743516796e-01
-8.741880375987678420e-01 1.169098654021620831e-01
5.873685731696371981e-01 3.568128356942530388e-01
-1.863422130154186451e-01 2.466852775008852028e-01
5.541820813950362190e-01 1.787327352249529488e-01
-7.303292437566020201e-01 8.013155500401206166e-02
-4.915195550822728521e-01 1.869994070487153784e-02
-9.052539554111006526e-01 2.128503663875735974e-02
4.747503049313790413e-01 2.388575197718875720e-02
8.779265197357861705e-01 2.540496266430116168e-01
-2.639852908486727268e-01 2.783761854126965418e-01
2.211831412421310095e-01 1.730704007096191821e-01
-8.623827828145724794e-02 1.492304343958592572e-01
7.283863155699150660e-01 1.777460944354601058e-01
9.408441410927277371e-01 3.974650714060704582e-01
9.937058324749257210e-01 2.876936082001191886e-01
-9.185701140643605100e-01 1.291215118975901910e-01
-4.002223242900604383e-02 5.934506104987368608e-02
2.972948626420754970e-01 4.844713718552975390e-01
-1.382261125488756237e-01 1.296155098400391670e-01
3.049922809455059003e-01 5.766435257351534838e-02
9.297845618088309561e-01 4.395056840957483058e-01
9.998659474696705018e-01 8.631419742270222129e-01
9.779339901764547704e-01 6.738531859881179420e-01
-4.464788120908058655e-02 6.057751365118673598e-02
5.086230942062104354e-01 3.061007066038740621e-01
7.492069056533867677e-01 6.299198695422764116e-01
7.262694973792425124e-01 3.128286394478625998e-01
1.098672576454009064e+00 1.581150064101284336e-01
3.643193012854248902e-01 1.038650346870097357e-01
2.344332945751941288e-01 2.872916562879950994e-02
7.118801963234471231e-01 1.101337216447765832e-01
7.816830374165983919e-01 1.733827387171474887e-01
6.097044487563967330e-01 9.130266629435432324e-02
8.707119924899342500e-01 5.067873472540013191e-01
1.057838488619496253e+00 6.156608676881316633e-01
-4.354654343224891866e-01 7.660302014874338650e-02
-2.722971186477681771e-01 2.149927804623548988e-01
4.104836004009355666e-01 3.797629071684301416e-01
-5.330012000981165787e-01 9.785558884288030057e-02
7.374662300423318051e-02 2.618476722354610708e-01
6.064282783184360426e-01 9.092358283221149695e-02
6.612536511244369031e-01 2.330514980196007058e-01
2.637329922644524594e-01 5.969532188962353714e-02
7.594207906449521595e-01 7.053604799399968428e-01
6.545349388524674961e-01 4.012045938419275121e-02
-6.126865458693022681e-01 1.349348986154920438e-01
1.685996094169901482e-01 9.038958776242912718e-02
6.107049421537023015e-01 2.114833505332129882e-01
1.058789543398807265e+00 1.599832160881957122e-01
5.125824677221229031e-01 1.365249538039061683e-01
8.668018271005566433e-01 7.269731009994591722e-03
-6.930092196611290500e-01 1.880693588965702545e-02
3.168886654911806655e-01 1.669029503276112658e-01
9.625700471399296632e-01 1.001858107542542287e-01
7.073968480053920427e-01 3.799528913028244470e-01
4.177324791451892949e-01 3.850533479538099657e-01
-7.687962519663296135e-01 2.338029417738624327e-01
-7.357137810905447495e-01 6.239578161030123749e-02
7.498446421260271944e-01 1.326197378501162150e-02
-7.126847149587625108e-01 5.978630026586376212e-02
1.965390897438619167e-01 1.542923198177142685e-01
4.796283312008764455e-01 1.324197259245535607e-01
8.672442698756777091e-03 9.631344672405441065e-02
-2.509917033959235821e-01 1.378390670303784593e-01
1.098965402190080098e+00 8.156897457894426440e-01
6.830088358258841197e-01 3.302939541479165686e-01
8.439716272669717245e-01 6.607932530834210727e-01
9.550691738121610541e-01 2.944119897126183383e-01
3.520939995586700455e-01 3.245422496371085930e-01
1.049503833551130860e+00 1.545924290243403665e-01
4.025025349841999667e-01 1.839001185708000197e-01
5.090231668442379842e-02 1.108713758680223913e-02
-8.754124712604123282e-01 1.540820756364821298e-01
6.586576294931489883e-02 1.405148621610121940e-01
9.067287136321837693e-01 7.854300978564755509e-01
-4.749158984277732642e-01 1.741657606369720335e-01
-8.175990792877283475e-01 3.243430589388793944e-02
5.783804063521442718e-01 1.782725646586086343e-01
3.264745003175737459e-01 1.122414563061093912e-01
-9.518394268465677488e-01 1.224289740820964090e-01
5.197876111490458140e-01 1.693117087588033587e-01
7.495248839416044362e-01 5.649047337533099622e-01
-4.740194294421048449e-01 4.677958826924713542e-02
-2.783629551264269475e-01 1.719311960076411183e-01
-1.595092849754591313e-01 1.407363178951981722e-02
9.715682762950414997e-01 2.015195034586030401e-02
8.204012852665587552e-01 3.594417722449310126e-01
2.086064730847427828e-01 2.210924460848904538e-01
-9.045261396076951232e-01 2.128884216023352316e-01
2.465805471917703606e-01 1.627786040903775322e-01
6.007262688363739223e-01 1.700157173053076509e-01
8.254399029973757962e-02 3.231489774841641571e-01
6.116785468574990059e-01 4.980618669609992305e-02
8.104531580559612980e-01 3.027531982516510345e-01
1.038866375166892730e+00 6.490576936743494008e-01
-1.948762736892479808e-01 1.606835188508727585e-01
6.103920414698578156e-01 5.658313305321741593e-01
7.354396565006477982e-01 5.404285682132760060e-01
9.995409238064407731e-01 2.682665186199105212e-01
-1.728991842405074308e-01 1.797267146525549919e-01
-8.866921308991672079e-01 2.269442586555418528e-01
3.982375490486003144e-01 1.073203025871526280e-02
1.023317915680593604e+00 3.385677831123009018e-01
2.139426349647286507e-01 2.389675171243389185e-01
6.817494214123780427e-01 6.128650153513286458e-01
