21986815 6.000000 1.000000 1.000000 1.000000 2.000000 1.000000 3.000000 1.000000 1.000000 2.000000
195673 2.000000 1.000000 1.000000 1.000000 1.000000 1.000000 3.000000 1.000000 1.000000 2.000000
31186770 1.000000 2.000000 3.000000 1.000000 2.000000 1.000000 3.000000 1.000000 1.000000 2.000000
8027293 5.000000 1.000000 1.000000 1.000000 2.000000 1.000000 2.000000 1.000000 1.000000 2.000000
22298221 1.000000 1.000000 1.000000 1.000000 2.000000 1.000000 3.000000 1.000000 1.000000 2.000000
23592067 3.000000 1.000000 1.000000 1.000000 2.000000 1.000000 3.000000 1.000000 1.000000 2.000000
23592067 4.000000 1.000000 1.000000 1.000000 2.000000 1.000000 3.000000 1.000000 1.000000 2.000000
14396431 8.000000 4.000000 4.000000 5.000000 4.000000 7.000000 7.000000 8.000000 2.000000 2.000000
2016246 5.000000 1.000000 1.000000 4.000000 2.000000 1.000000 3.000000 1.000000 1.000000 2.000000
6206575 1.000000 1.000000 1.000000 1.000000 2.000000 1.000000 1.000000 1.000000 1.000000 2.000000
20300532 3.000000 1.000000 1.000000 1.000000 2.000000 1.000000 2.000000 1.000000 1.000000 2.000000
15676638 1.000000 1.000000 1.000000 1.000000 2.000000 1.000000 3.000000 1.000000 1.000000 2.000000
14458438 5.000000 1.000000 1.000000 1.000000 2.000000 1.000000 3.000000 1.000000 1.000000 2.000000
24259549 1.000000 1.000000 1.000000 1.000000 2.000000 1.000000 3.000000 1.000000 1.000000 2.000000
1620826 1.000000 1.000000 1.000000 1.000000 1.000000 1.000000 3.000000 1.000000 1.000000 2.000000
1620826 1.000000 1.000000 1.000000 1.000000 1.000000 1.000000 3.000000 1.000000 1.000000 2.000000
29349853 5.000000 1.000000 1.000000 1.000000 1.000000 1.000000 3.000000 1.000000 1.000000 2.000000
26274238 1.000000 1.000000 1.000000 1.000000 2.000000 1.000000 3.000000 1.000000 1.000000 2.000000
22522339 1.000000 1.000000 1.000000 1.000000 2.000000 1.000000 2.000000 1.000000 1.000000 2.000000
25111552 1.000000 1.000000 1.000000 1.000000 2.000000 1.000000 3.000000 1.000000 1.000000 2.000000
13792707 6.000000 1.000000 3.000000 1.000000 2.000000 1.000000 3.000000 1.000000 1.000000 2.000000
9836887 1.000000 1.000000 1.000000 2.000000 2.000000 1.000000 3.000000 1.000000 1.000000 2.000000
2466157 1.000000 1.000000 1.000000 1.000000 2.000000 1.000000 2.000000 1.000000 1.000000 2.000000
15414924 1.000000 1.000000 1.000000 1.000000 1.000000 1.000000 3.000000 1.000000 1.000000 2.000000
5285152 8.000000 4.000000 6.000000 3.000000 3.000000 1.000000 4.000000 3.000000 1.000000 2.000000
25044901 3.000000 3.000000 2.000000 1.000000 3.000000 1.000000 3.000000 6.000000 1.000000 2.000000
18250458 5.000000 1.000000 3.000000 3.000000 2.000000 2.000000 2.000000 3.000000 1.000000 2.000000
2189248 3.000000 1.000000 1.000000 3.000000 1.000000 1.000000 3.000000 1.000000 1.000000 2.000000
16146865 2.000000 1.000000 1.000000 1.000000 2.000000 1.000000 3.000000 1.000000 1.000000 2.000000
25069246 1.000000 1.000000 1.000000 1.000000 2.000000 5.000000 5.000000 1.000000 1.000000 2.000000
20271688 1.000000 1.000000 1.000000 1.000000 2.000000 1.000000 3.000000 1.000000 1.000000 2.000000
8217034 5.000000 1.000000 1.000000 2.000000 2.000000 2.000000 3.000000 1.000000 1.000000 2.000000
23103166 4.000000 1.000000 1.000000 1.000000 2.000000 1.000000 3.000000 6.000000 1.000000 2.000000
26704882 1.000000 2.000000 2.000000 1.000000 2.000000 1.000000 1.000000 1.000000 1.000000 2.000000
5274061 6.000000 3.000000 3.000000 5.000000 3.000000 10.000000 3.000000 5.000000 3.000000 2.000000
22502188 3.000000 1.000000 1.000000 1.000000 2.000000 1.000000 1.000000 1.000000 1.000000 2.000000
22502188 3.000000 1.000000 1.000000 1.000000 2.000000 1.000000 2.000000 1.000000 1.000000 2.000000
21723069 3.000000 1.000000 1.000000 1.000000 2.000000 1.000000 3.000000 1.000000 1.000000 2.000000
24294756 5.000000 7.000000 7.000000 1.000000 5.000000 8.000000 3.000000 4.000000 1.000000 2.000000
22502188 5.000000 1.000000 4.000000 1.000000 2.000000 1.000000 3.000000 2.000000 1.000000 2.000000
15943273 1.000000 1.000000 1.000000 1.000000 2.000000 1.000000 3.000000 1.000000 1.000000 2.000000
20989533 5.000000 1.000000 1.000000 1.000000 2.000000 1.000000 3.000000 1.000000 1.000000 2.000000
812881 3.000000 1.000000 1.000000 1.000000 2.000000 1.000000 3.000000 2.000000 1.000000 2.000000
11641762 3.000000 1.000000 1.000000 1.000000 2.000000 1.000000 2.000000 1.000000 1.000000 2.000000
10321879 1.000000 1.000000 1.000000 1.000000 2.000000 1.000000 2.000000 1.000000 1.000000 2.000000
4521072 1.000000 1.000000 1.000000 1.000000 2.000000 1.000000 3.000000 1.000000 1.000000 2.000000
17326276 3.000000 1.000000 1.000000 1.000000 2.000000 1.000000 3.000000 1.000000 1.000000 2.000000
4541443 2.000000 1.000000 1.000000 2.000000 2.000000 1.000000 3.000000 1.000000 1.000000 2.000000
17713324 3.000000 1.000000 1.000000 1.000000 3.000000 1.000000 2.000000 1.000000 1.000000 2.000000
12322537 1.000000 1.000000 1.000000 1.000000 2.000000 1.000000 1.000000 1.000000 1.000000 2.000000
16442694 1.000000 1.000000 1.000000 1.000000 2.000000 1.000000 3.000000 1.000000 1.000000 2.000000
1227544 5.000000 3.000000 4.000000 3.000000 4.000000 5.000000 4.000000 7.000000 1.000000 2.000000
29587444 8.000000 2.000000 1.000000 1.000000 5.000000 1.000000 1.000000 1.000000 1.000000 2.000000
15969877 1.000000 1.000000 1.000000 1.000000 2.000000 1.000000 3.000000 1.000000 1.000000 2.000000
8879878 1.000000 1.000000 1.000000 1.000000 2.000000 1.000000 3.000000 1.000000 1.000000 2.000000
18937554 1.000000 1.000000 1.000000 1.000000 2.000000 1.000000 3.000000 1.000000 1.000000 2.000000
10087854 1.000000 1.000000 1.000000 1.000000 2.000000 1.000000 3.000000 1.000000 1.000000 2.000000
19286041 3.000000 1.000000 1.000000 1.000000 2.000000 5.000000 5.000000 1.000000 1.000000 2.000000
7413781 2.000000 1.000000 1.000000 1.000000 3.000000 1.000000 2.000000 1.000000 1.000000 2.000000
4835728 1.000000 1.000000 1.000000 1.000000 2.000000 1.000000 1.000000 1.000000 1.000000 2.000000
16506189 1.000000 1.000000 1.000000 1.000000 2.000000 1.000000 1.000000 1.000000 1.000000 2.000000
16655001 1.000000 1.000000 1.000000 1.000000 1.000000 1.000000 2.000000 1.000000 1.000000 2.000000
10900374 1.000000 1.000000 1.000000 1.000000 5.000000 1.000000 3.000000 1.000000 1.000000 2.000000
831696 4.000000 4.000000 4.000000 4.000000 6.000000 5.000000 7.000000 3.000000 1.000000 2.000000
13135249 3.000000 1.000000 1.000000 1.000000 2.000000 1.000000 3.000000 1.000000 1.000000 2.000000
4783810 1.000000 1.000000 1.000000 1.000000 2.000000 1.000000 3.000000 1.000000 1.000000 2.000000
13995733 3.000000 2.000000 2.000000 1.000000 2.000000 1.000000 2.000000 3.000000 1.000000 2.000000
17464978 1.000000 1.000000 1.000000 1.000000 2.000000 1.000000 2.000000 1.000000 1.000000 2.000000
12067831 5.000000 1.000000 1.000000 1.000000 2.000000 1.000000 3.000000 1.000000 2.000000 2.000000
7106257 5.000000 2.000000 2.000000 2.000000 2.000000 1.000000 2.000000 2.000000 1.000000 2.000000
29718051 1.000000 1.000000 1.000000 1.000000 2.000000 1.000000 1.000000 1.000000 1.000000 2.000000
14175591 1.000000 1.000000 1.000000 1.000000 2.000000 1.000000 3.000000 1.000000 1.000000 2.000000
16655001 1.000000 1.000000 1.000000 1.000000 1.000000 1.000000 2.000000 1.000000 1.000000 2.000000
3397207 1.000000 1.000000 1.000000 1.000000 2.000000 1.000000 3.000000 1.000000 1.000000 2.000000
22015828 2.000000 1.000000 1.000000 1.000000 2.000000 1.000000 1.000000 1.000000 1.000000 2.000000
25253307 1.000000 1.000000 1.000000 1.000000 2.000000 1.000000 1.000000 1.000000 1.000000 2.000000
2734686 1.000000 1.000000 1.000000 1.000000 2.000000 1.000000 1.000000 1.000000 1.000000 2.000000
15290053 5.000000 2.000000 2.000000 2.000000 3.000000 1.000000 1.000000 3.000000 1.000000 2.000000
22074307 1.000000 1.000000 1.000000 1.000000 1.000000 1.000000 1.000000 3.000000 1.000000 2.000000
19508493 5.000000 1.000000 1.000000 3.000000 2.000000 1.000000 1.000000 1.000000 1.000000 2.000000
24615262 2.000000 1.000000 1.000000 1.000000 2.000000 1.000000 3.000000 1.000000 1.000000 2.000000
5150029 3.000000 4.000000 5.000000 3.000000 7.000000 3.000000 4.000000 6.000000 1.000000 2.000000
17702596 1.000000 1.000000 1.000000 1.000000 2.000000 1.000000 2.000000 1.000000 1.000000 2.000000
25518967 4.000000 1.000000 1.000000 1.000000 3.000000 1.000000 2.000000 2.000000 1.000000 2.000000
28854871 3.000000 2.000000 2.000000 1.000000 4.000000 3.000000 2.000000 1.000000 1.000000 2.000000
21918859 4.000000 4.000000 4.000000 2.000000 2.000000 3.000000 2.000000 1.000000 1.000000 2.000000
4076239 2.000000 1.000000 1.000000 1.000000 2.000000 1.000000 3.000000 1.000000 1.000000 2.000000
14389900 2.000000 1.000000 1.000000 1.000000 2.000000 1.000000 2.000000 1.000000 1.000000 2.000000
1626709 1.000000 1.000000 3.000000 1.000000 2.000000 1.000000 1.000000 1.000000 1.000000 2.000000
20869131 1.000000 1.000000 3.000000 1.000000 1.000000 1.000000 2.000000 1.000000 1.000000 2.000000
26218851 4.000000 3.000000 2.000000 1.000000 3.000000 1.000000 2.000000 1.000000 1.000000 2.000000
14517462 1.000000 1.000000 3.000000 1.000000 2.000000 1.000000 1.000000 1.000000 1.000000 2.000000
14517462 4.000000 1.000000 2.000000 1.000000 2.000000 1.000000 2.000000 1.000000 1.000000 2.000000
28093282 5.000000 1.000000 1.000000 2.000000 2.000000 1.000000 2.000000 1.000000 1.000000 2.000000
12322537 3.000000 1.000000 2.000000 1.000000 2.000000 1.000000 2.000000 1.000000 1.000000 2.000000
25116958 1.000000 1.000000 1.000000 1.000000 2.000000 1.000000 1.000000 1.000000 1.000000 2.000000
16318105 1.000000 1.000000 1.000000 1.000000 2.000000 1.000000 2.000000 1.000000 1.000000 2.000000
21031498 1.000000 1.000000 1.000000 1.000000 1.000000 1.000000 2.000000 1.000000 1.000000 2.000000
14662866 3.000000 1.000000 1.000000 4.000000 3.000000 1.000000 2.000000 2.000000 1.000000 2.000000
9559329 5.000000 3.000000 4.000000 1.000000 4.000000 1.000000 3.000000 1.000000 1.000000 2.000000
16624108 1.000000 1.000000 1.000000 1.000000 2.000000 1.000000 1.000000 1.000000 1.000000 2.000000
29853375 3.000000 2.000000 2.000000 2.000000 2.000000 1.000000 3.000000 2.000000 1.000000 2.000000
27792166 2.000000 1.000000 1.000000 1.000000 2.000000 1.000000 1.000000 1.000000 1.000000 2.000000
28009000 2.000000 1.000000 1.000000 1.000000 2.000000 1.000000 1.000000 1.000000 1.000000 2.000000
20842638 3.000000 3.000000 2.000000 2.000000 3.000000 1.000000 1.000000 2.000000 3.000000 2.000000
1387972 5.000000 3.000000 3.000000 2.000000 3.000000 1.000000 3.000000 1.000000 1.000000 2.000000
1387972 2.000000 1.000000 1.000000 1.000000 2.000000 1.000000 2.000000 2.000000 1.000000 2.000000
18356947 5.000000 1.000000 1.000000 1.000000 3.000000 2.000000 2.000000 2.000000 1.000000 2.000000
22591932 1.000000 1.000000 1.000000 2.000000 2.000000 1.000000 2.000000 1.000000 1.000000 2.000000
31224570 3.000000 1.000000 1.000000 1.000000 2.000000 1.000000 2.000000 1.000000 1.000000 2.000000
9570703 1.000000 1.000000 1.000000 1.000000 1.000000 1.000000 1.000000 1.000000 1.000000 2.000000
25864980 1.000000 2.000000 3.000000 1.000000 2.000000 1.000000 2.000000 1.000000 1.000000 2.000000
9964212 3.000000 1.000000 1.000000 1.000000 2.000000 1.000000 2.000000 1.000000 1.000000 2.000000
16290730 3.000000 1.000000 1.000000 1.000000 2.000000 1.000000 3.000000 1.000000 1.000000 2.000000
17811928 4.000000 1.000000 1.000000 1.000000 2.000000 1.000000 1.000000 1.000000 1.000000 2.000000
16364400 3.000000 2.000000 1.000000 1.000000 2.000000 1.000000 2.000000 2.000000 1.000000 2.000000
2484115 1.000000 2.000000 3.000000 1.000000 2.000000 1.000000 1.000000 1.000000 1.000000 2.000000
21482743 3.000000 1.000000 1.000000 1.000000 2.000000 1.000000 1.000000 1.000000 1.000000 2.000000
7688053 5.000000 3.000000 3.000000 1.000000 2.000000 1.000000 2.000000 1.000000 1.000000 2.000000
17651953 3.000000 1.000000 1.000000 1.000000 2.000000 4.000000 1.000000 1.000000 1.000000 2.000000
25258684 1.000000 2.000000 1.000000 3.000000 2.000000 1.000000 1.000000 2.000000 1.000000 2.000000
18566119 1.000000 1.000000 1.000000 1.000000 2.000000 1.000000 2.000000 1.000000 1.000000 2.000000
17691586 4.000000 2.000000 2.000000 1.000000 2.000000 1.000000 2.000000 1.000000 1.000000 2.000000
2664603 1.000000 1.000000 1.000000 1.000000 2.000000 1.000000 2.000000 1.000000 1.000000 2.000000
17268183 2.000000 3.000000 2.000000 2.000000 2.000000 2.000000 3.000000 1.000000 1.000000 2.000000
21807705 3.000000 1.000000 2.000000 1.000000 2.000000 1.000000 2.000000 1.000000 1.000000 2.000000
22429147 1.000000 1.000000 1.000000 1.000000 2.000000 1.000000 2.000000 1.000000 1.000000 2.000000
11212501 5.000000 1.000000 2.000000 1.000000 2.000000 1.000000 3.000000 1.000000 1.000000 2.000000
1928875 3.000000 3.000000 2.000000 6.000000 3.000000 3.000000 3.000000 5.000000 1.000000 2.000000
11867947 1.000000 1.000000 1.000000 1.000000 2.000000 1.000000 2.000000 1.000000 1.000000 2.000000
7547206 5.000000 2.000000 2.000000 2.000000 2.000000 2.000000 3.000000 2.000000 2.000000 2.000000
2999445 2.000000 3.000000 1.000000 1.000000 5.000000 1.000000 1.000000 1.000000 1.000000 2.000000
11653024 3.000000 2.000000 2.000000 3.000000 2.000000 3.000000 3.000000 1.000000 1.000000 2.000000
9986901 4.000000 3.000000 3.000000 1.000000 2.000000 1.000000 3.000000 3.000000 1.000000 2.000000
16743985 5.000000 1.000000 3.000000 1.000000 2.000000 1.000000 2.000000 1.000000 1.000000 2.000000
8239114 3.000000 1.000000 1.000000 1.000000 2.000000 1.000000 1.000000 1.000000 1.000000 2.000000
5514205 5.000000 3.000000 6.000000 1.000000 2.000000 1.000000 1.000000 1.000000 1.000000 2.000000
10297413 1.000000 1.000000 1.000000 1.000000 2.000000 1.000000 2.000000 1.000000 1.000000 2.000000
2189248 2.000000 1.000000 1.000000 1.000000 2.000000 1.000000 2.000000 1.000000 1.000000 2.000000
2189248 1.000000 3.000000 1.000000 1.000000 2.000000 1.000000 2.000000 2.000000 1.000000 2.000000
2189248 5.000000 1.000000 1.000000 3.000000 4.000000 1.000000 3.000000 2.000000 1.000000 2.000000
19117981 5.000000 1.000000 1.000000 1.000000 2.000000 1.000000 2.000000 2.000000 1.000000 2.000000
2858590 3.000000 2.000000 2.000000 3.000000 2.000000 1.000000 1.000000 1.000000 1.000000 2.000000
2858590 6.000000 9.000000 7.000000 5.000000 5.000000 8.000000 4.000000 2.000000 1.000000 2.000000
11809815 4.000000 1.000000 1.000000 1.000000 2.000000 1.000000 1.000000 1.000000 1.000000 2.000000
31320505 4.000000 1.000000 3.000000 3.000000 2.000000 1.000000 1.000000 1.000000 1.000000 2.000000
1297675 5.000000 1.000000 1.000000 1.000000 2.000000 1.000000 1.000000 1.000000 1.000000 2.000000
7893054 5.000000 2.000000 2.000000 4.000000 2.000000 4.000000 1.000000 1.000000 1.000000 2.000000
6439771 1.000000 1.000000 1.000000 3.000000 2.000000 3.000000 1.000000 1.000000 1.000000 2.000000
6439771 1.000000 1.000000 1.000000 1.000000 2.000000 2.000000 1.000000 1.000000 1.000000 2.000000
24708687 5.000000 1.000000 1.000000 6.000000 3.000000 1.000000 2.000000 1.000000 1.000000 2.000000
22944922 2.000000 1.000000 1.000000 1.000000 2.000000 1.000000 1.000000 1.000000 1.000000 2.000000
10084984 1.000000 1.000000 1.000000 1.000000 2.000000 1.000000 1.000000 1.000000 1.000000 2.000000
602314 5.000000 1.000000 1.000000 1.000000 2.000000 1.000000 1.000000 1.000000 1.000000 2.000000
22502188 1.000000 1.000000 1.000000 1.000000 1.000000 1.000000 1.000000 1.000000 1.000000 2.000000
15176332 4.000000 1.000000 1.000000 3.000000 1.000000 1.000000 2.000000 1.000000 1.000000 2.000000
13922220 5.000000 1.000000 1.000000 1.000000 2.000000 1.000000 1.000000 1.000000 1.000000 2.000000
15736419 3.000000 1.000000 1.000000 3.000000 2.000000 1.000000 1.000000 1.000000 1.000000 2.000000
139087 2.000000 3.000000 1.000000 1.000000 3.000000 1.000000 1.000000 1.000000 1.000000 2.000000
3948796 5.000000 1.000000 2.000000 1.000000 2.000000 1.000000 1.000000 1.000000 1.000000 2.000000
16314715 5.000000 1.000000 3.000000 1.000000 2.000000 1.000000 1.000000 1.000000 1.000000 2.000000
19632063 5.000000 1.000000 1.000000 3.000000 2.000000 1.000000 1.000000 1.000000 1.000000 2.000000
25380799 3.000000 1.000000 1.000000 1.000000 2.000000 5.000000 1.000000 1.000000 1.000000 2.000000
2189248 6.000000 1.000000 1.000000 3.000000 2.000000 1.000000 1.000000 1.000000 1.000000 2.000000
3422116 4.000000 1.000000 1.000000 1.000000 2.000000 1.000000 1.000000 2.000000 1.000000 2.000000
31062567 4.000000 1.000000 1.000000 1.000000 2.000000 1.000000 1.000000 1.000000 1.000000 2.000000
12383016 4.000000 1.000000 1.000000 1.000000 2.000000 1.000000 1.000000 1.000000 1.000000 2.000000
7817394 1.000000 1.000000 2.000000 1.000000 2.000000 1.000000 2.000000 1.000000 1.000000 2.000000
19544506 3.000000 1.000000 1.000000 1.000000 1.000000 1.000000 2.000000 1.000000 1.000000 2.000000
19027744 6.000000 1.000000 1.000000 3.000000 2.000000 1.000000 1.000000 1.000000 1.000000 2.000000
4759408 6.000000 1.000000 1.000000 1.000000 1.000000 1.000000 1.000000 1.000000 1.000000 2.000000
8688421 4.000000 1.000000 1.000000 1.000000 2.000000 1.000000 1.000000 1.000000 1.000000 2.000000
22583076 5.000000 1.000000 1.000000 1.000000 2.000000 1.000000 1.000000 1.000000 1.000000 2.000000
10483893 3.000000 1.000000 1.000000 1.000000 2.000000 1.000000 1.000000 1.000000 1.000000 2.000000
22420204 4.000000 1.000000 2.000000 1.000000 2.000000 1.000000 1.000000 1.000000 1.000000 2.000000
3499768 4.000000 1.000000 1.000000 1.000000 2.000000 1.000000 1.000000 1.000000 1.000000 2.000000
697525 5.000000 2.000000 1.000000 1.000000 2.000000 1.000000 1.000000 1.000000 1.000000 2.000000
13986088 5.000000 1.000000 1.000000 1.000000 1.000000 1.000000 1.000000 1.000000 1.000000 2.000000
128287 5.000000 3.000000 2.000000 4.000000 2.000000 1.000000 1.000000 1.000000 1.000000 2.000000
27633403 5.000000 1.000000 2.000000 1.000000 2.000000 1.000000 1.000000 1.000000 1.000000 2.000000
23511454 1.000000 1.000000 1.000000 3.000000 1.000000 3.000000 1.000000 1.000000 1.000000 2.000000
25441528 3.000000 1.000000 1.000000 1.000000 1.000000 1.000000 2.000000 1.000000 1.000000 2.000000
23866471 1.000000 1.000000 1.000000 1.000000 2.000000 1.000000 1.000000 1.000000 1.000000 2.000000
17187276 4.000000 1.000000 1.000000 1.000000 1.000000 1.000000 2.000000 1.000000 1.000000 2.000000
11008117 5.000000 1.000000 2.000000 10.000000 4.000000 5.000000 2.000000 1.000000 1.000000 2.000000
16999149 3.000000 1.000000 1.000000 1.000000 1.000000 1.000000 2.000000 1.000000 1.000000 2.000000
15101899 1.000000 1.000000 1.000000 1.000000 1.000000 1.000000 1.000000 1.000000 1.000000 2.000000
22502188 4.000000 2.000000 1.000000 1.000000 2.000000 1.000000 1.000000 1.000000 1.000000 2.000000
29422249 4.000000 1.000000 1.000000 1.000000 2.000000 1.000000 2.000000 1.000000 1.000000 2.000000
14592960 4.000000 1.000000 1.000000 1.000000 2.000000 1.000000 2.000000 1.000000 1.000000 2.000000
15479389 6.000000 1.000000 1.000000 1.000000 2.000000 1.000000 3.000000 1.000000 1.000000 2.000000
17678065 4.000000 1.000000 1.000000 1.000000 2.000000 1.000000 2.000000 1.000000 1.000000 2.000000
18641341 4.000000 1.000000 1.000000 2.000000 2.000000 1.000000 2.000000 1.000000 1.000000 2.000000
6540103 4.000000 1.000000 1.000000 1.000000 2.000000 1.000000 3.000000 1.000000 1.000000 2.000000
24335886 1.000000 1.000000 1.000000 1.000000 2.000000 1.000000 1.000000 1.000000 1.000000 2.000000
18833385 3.000000 3.000000 1.000000 1.000000 2.000000 1.000000 1.000000 1.000000 1.000000 2.000000
17956101 1.000000 1.000000 1.000000 1.000000 2.000000 4.000000 1.000000 1.000000 1.000000 2.000000
28774114 5.000000 1.000000 1.000000 1.000000 2.000000 1.000000 1.000000 1.000000 1.000000 2.000000
26061685 2.000000 1.000000 1.000000 1.000000 2.000000 1.000000 1.000000 1.000000 1.000000 2.000000
7607620 1.000000 1.000000 1.000000 1.000000 2.000000 1.000000 1.000000 1.000000 1.000000 2.000000
1659924 5.000000 1.000000 1.000000 1.000000 2.000000 1.000000 2.000000 1.000000 1.000000 2.000000
24682939 5.000000 1.000000 1.000000 1.000000 2.000000 1.000000 1.000000 1.000000 1.000000 2.000000
21965055 3.000000 1.000000 1.000000 1.000000 1.000000 1.000000 2.000000 1.000000 1.000000 2.000000
24086737 1.000000 1.000000 1.000000 1.000000 1.000000 1.000000 1.000000 1.000000 1.000000 2.000000
24086737 1.000000 1.000000 1.000000 1.000000 1.000000 1.000000 2.000000 1.000000 1.000000 2.000000
19362493 3.000000 1.000000 2.000000 2.000000 2.000000 1.000000 1.000000 1.000000 1.000000 2.000000
20811888 1.000000 1.000000 1.000000 1.000000 3.000000 1.000000 1.000000 1.000000 1.000000 2.000000
21989770 4.000000 1.000000 1.000000 1.000000 3.000000 1.000000 1.000000 1.000000 1.000000 2.000000
16269334 3.000000 1.000000 1.000000 1.000000 2.000000 1.000000 2.000000 1.000000 1.000000 2.000000
7565923 3.000000 1.000000 1.000000 2.000000 2.000000 1.000000 1.000000 1.000000 1.000000 2.000000
7565923 4.000000 1.000000 1.000000 1.000000 2.000000 1.000000 1.000000 1.000000 1.000000 2.000000
14175591 4.000000 1.000000 1.000000 1.000000 2.000000 1.000000 3.000000 1.000000 1.000000 2.000000
19017165 6.000000 1.000000 3.000000 2.000000 2.000000 1.000000 1.000000 1.000000 1.000000 2.000000
21832884 4.000000 1.000000 1.000000 1.000000 1.000000 1.000000 2.000000 1.000000 1.000000 2.000000
21567577 4.000000 2.000000 2.000000 1.000000 2.000000 1.000000 2.000000 1.000000 1.000000 2.000000
24800380 1.000000 1.000000 1.000000 1.000000 1.000000 1.000000 3.000000 1.000000 1.000000 2.000000
23446093 3.000000 1.000000 1.000000 1.000000 2.000000 1.000000 2.000000 1.000000 1.000000 2.000000
27749325 2.000000 1.000000 1.000000 1.000000 2.000000 1.000000 2.000000 1.000000 1.000000 2.000000
17159572 1.000000 1.000000 3.000000 2.000000 2.000000 1.000000 3.000000 1.000000 1.000000 2.000000
10083187 5.000000 1.000000 1.000000 1.000000 2.000000 1.000000 3.000000 1.000000 1.000000 2.000000
26933799 5.000000 1.000000 2.000000 1.000000 2.000000 1.000000 3.000000 1.000000 1.000000 2.000000
30955873 4.000000 1.000000 1.000000 1.000000 2.000000 1.000000 2.000000 1.000000 1.000000 2.000000
29085664 6.000000 1.000000 1.000000 1.000000 2.000000 1.000000 2.000000 1.000000 1.000000 2.000000
23654086 5.000000 1.000000 1.000000 1.000000 2.000000 2.000000 2.000000 1.000000 1.000000 2.000000
5486505 3.000000 1.000000 1.000000 1.000000 2.000000 1.000000 1.000000 1.000000 1.000000 2.000000
31231942 5.000000 3.000000 1.000000 1.000000 2.000000 1.000000 1.000000 1.000000 1.000000 2.000000
4811781 4.000000 1.000000 1.000000 1.000000 2.000000 1.000000 2.000000 1.000000 1.000000 2.000000
13894906 2.000000 1.000000 3.000000 2.000000 2.000000 1.000000 2.000000 1.000000 1.000000 2.000000
23108833 5.000000 1.000000 1.000000 1.000000 2.000000 1.000000 2.000000 1.000000 1.000000 2.000000
31592266 2.000000 1.000000 1.000000 1.000000 1.000000 1.000000 1.000000 1.000000 1.000000 2.000000
31592266 3.000000 1.000000 1.000000 1.000000 1.000000 1.000000 1.000000 1.000000 1.000000 2.000000
4355266 3.000000 1.000000 1.000000 1.000000 2.000000 1.000000 2.000000 1.000000 1.000000 2.000000
7870671 1.000000 1.000000 1.000000 1.000000 2.000000 1.000000 3.000000 1.000000 1.000000 2.000000
1659924 3.000000 2.000000 2.000000 2.000000 2.000000 1.000000 4.000000 2.000000 1.000000 2.000000
28856344 4.000000 4.000000 2.000000 1.000000 2.000000 5.000000 2.000000 1.000000 2.000000 2.000000
887991 3.000000 1.000000 1.000000 1.000000 2.000000 1.000000 1.000000 1.000000 1.000000 2.000000
25592877 4.000000 3.000000 1.000000 1.000000 2.000000 1.000000 4.000000 8.000000 1.000000 2.000000
11727853 5.000000 2.000000 2.000000 2.000000 1.000000 1.000000 2.000000 1.000000 1.000000 2.000000
3383953 5.000000 1.000000 1.000000 3.000000 2.000000 1.000000 1.000000 1.000000 1.000000 2.000000
11147518 2.000000 1.000000 1.000000 1.000000 2.000000 1.000000 2.000000 1.000000 1.000000 2.000000
26055223 5.000000 1.000000 1.000000 1.000000 2.000000 1.000000 2.000000 1.000000 1.000000 2.000000
23343577 5.000000 1.000000 1.000000 1.000000 2.000000 1.000000 3.000000 1.000000 1.000000 2.000000
23343577 5.000000 1.000000 1.000000 1.000000 2.000000 1.000000 3.000000 1.000000 1.000000 2.000000
9603057 1.000000 1.000000 1.000000 1.000000 2.000000 1.000000 3.000000 1.000000 1.000000 2.000000
23408806 3.000000 1.000000 1.000000 1.000000 2.000000 1.000000 2.000000 1.000000 1.000000 2.000000
14509528 4.000000 1.000000 1.000000 1.000000 2.000000 1.000000 3.000000 2.000000 1.000000 2.000000
26726961 3.000000 1.000000 2.000000 1.000000 2.000000 1.000000 3.000000 1.000000 1.000000 2.000000
30551017 4.000000 1.000000 1.000000 1.000000 2.000000 3.000000 2.000000 1.000000 1.000000 2.000000
3371160 3.000000 1.000000 1.000000 1.000000 2.000000 1.000000 2.000000 1.000000 1.000000 2.000000
16511983 1.000000 1.000000 1.000000 1.000000 2.000000 1.000000 2.000000 1.000000 1.000000 2.000000
15943273 5.000000 1.000000 2.000000 1.000000 2.000000 1.000000 3.000000 1.000000 1.000000 2.000000
18823747 5.000000 1.000000 1.000000 1.000000 2.000000 1.000000 2.000000 1.000000 1.000000 2.000000
6090477 1.000000 1.000000 1.000000 1.000000 2.000000 1.000000 2.000000 1.000000 1.000000 2.000000
25078912 1.000000 1.000000 1.000000 1.000000 2.000000 1.000000 2.000000 1.000000 1.000000 2.000000
6901369 1.000000 1.000000 1.000000 1.000000 2.000000 1.000000 3.000000 1.000000 1.000000 2.000000
1256542 5.000000 1.000000 2.000000 1.000000 2.000000 1.000000 2.000000 1.000000 1.000000 2.000000
21021049 3.000000 1.000000 1.000000 1.000000 2.000000 1.000000 1.000000 1.000000 1.000000 2.000000
14507227 5.000000 1.000000 1.000000 6.000000 3.000000 1.000000 1.000000 1.000000 1.000000 2.000000
22795965 1.000000 1.000000 1.000000 1.000000 2.000000 1.000000 1.000000 1.000000 1.000000 2.000000
13950073 5.000000 1.000000 1.000000 1.000000 2.000000 1.000000 2.000000 2.000000 1.000000 2.000000
15468958 5.000000 1.000000 1.000000 1.000000 2.000000 1.000000 1.000000 1.000000 1.000000 2.000000
25111504 5.000000 1.000000 2.000000 1.000000 2.000000 1.000000 1.000000 1.000000 1.000000 2.000000
2295195 5.000000 1.000000 1.000000 1.000000 2.000000 1.000000 2.000000 1.000000 1.000000 2.000000
2453725 4.000000 1.000000 2.000000 1.000000 2.000000 1.000000 2.000000 1.000000 1.000000 2.000000
12796861 5.000000 1.000000 3.000000 1.000000 2.000000 1.000000 3.000000 1.000000 1.000000 2.000000
20156953 3.000000 1.000000 1.000000 1.000000 2.000000 1.000000 2.000000 1.000000 1.000000 2.000000
10051807 5.000000 2.000000 4.000000 1.000000 1.000000 1.000000 1.000000 1.000000 1.000000 2.000000
1333510 3.000000 1.000000 1.000000 1.000000 2.000000 1.000000 2.000000 1.000000 1.000000 2.000000
8263702 1.000000 1.000000 1.000000 1.000000 1.000000 1.000000 2.000000 1.000000 1.000000 2.000000
29651743 4.000000 1.000000 1.000000 1.000000 2.000000 1.000000 2.000000 1.000000 1.000000 2.000000
12947275 4.000000 1.000000 1.000000 2.000000 2.000000 1.000000 1.000000 1.000000 1.000000 2.000000
20989533 1.000000 1.000000 1.000000 1.000000 2.000000 1.000000 1.000000 1.000000 1.000000 2.000000
9791112 5.000000 1.000000 1.000000 1.000000 2.000000 1.000000 1.000000 1.000000 1.000000 2.000000
9037713 2.000000 3.000000 1.000000 1.000000 2.000000 1.000000 2.000000 1.000000 1.000000 2.000000
29757385 2.000000 1.000000 1.000000 1.000000 1.000000 1.000000 2.000000 1.000000 1.000000 2.000000
31756435 4.000000 1.000000 3.000000 1.000000 2.000000 1.000000 2.000000 1.000000 1.000000 2.000000
6920170 3.000000 1.000000 1.000000 1.000000 2.000000 1.000000 2.000000 1.000000 1.000000 2.000000
17159572 4.000000 1.000000 1.000000 1.000000 2.000000 1.000000 2.000000 1.000000 1.000000 2.000000
9932164 5.000000 1.000000 1.000000 1.000000 2.000000 1.000000 2.000000 1.000000 1.000000 2.000000
20760184 3.000000 1.000000 1.000000 1.000000 2.000000 1.000000 2.000000 1.000000 1.000000 2.000000
6124459 6.000000 3.000000 3.000000 3.000000 3.000000 2.000000 6.000000 1.000000 1.000000 2.000000
4435827 7.000000 1.000000 2.000000 3.000000 2.000000 1.000000 2.000000 1.000000 1.000000 2.000000
28027366 1.000000 1.000000 1.000000 1.000000 2.000000 1.000000 1.000000 1.000000 1.000000 2.000000
16437931 5.000000 1.000000 1.000000 2.000000 1.000000 1.000000 2.000000 1.000000 1.000000 2.000000
13086027 3.000000 1.000000 3.000000 1.000000 3.000000 4.000000 1.000000 1.000000 1.000000 2.000000
12157696 2.000000 1.000000 1.000000 1.000000 2.000000 5.000000 1.000000 1.000000 1.000000 2.000000
21232327 2.000000 1.000000 1.000000 1.000000 2.000000 1.000000 1.000000 1.000000 1.000000 2.000000
12889309 4.000000 1.000000 1.000000 1.000000 2.000000 1.000000 1.000000 1.000000 1.000000 2.000000
14048401 6.000000 2.000000 3.000000 1.000000 2.000000 1.000000 1.000000 1.000000 1.000000 2.000000
13984783 5.000000 1.000000 1.000000 1.000000 2.000000 1.000000 2.000000 1.000000 1.000000 2.000000
19027744 1.000000 1.000000 1.000000 1.000000 2.000000 1.000000 1.000000 1.000000 1.000000 2.000000
226431 3.000000 1.000000 1.000000 1.000000 2.000000 1.000000 1.000000 1.000000 1.000000 2.000000
25578016 3.000000 1.000000 4.000000 1.000000 2.000000 1.000000 1.000000 1.000000 1.000000 2.000000
8717943 4.000000 2.000000 4.000000 3.000000 2.000000 2.000000 2.000000 1.000000 1.000000 2.000000
22326367 4.000000 1.000000 1.000000 1.000000 2.000000 1.000000 1.000000 1.000000 1.000000 2.000000
22326367 5.000000 1.000000 1.000000 3.000000 2.000000 1.000000 1.000000 1.000000 1.000000 2.000000
2673027 4.000000 1.000000 1.000000 3.000000 2.000000 1.000000 1.000000 1.000000 1.000000 2.000000
24129390 3.000000 1.000000 1.000000 1.000000 2.000000 1.000000 2.000000 1.000000 1.000000 2.000000
4080565 3.000000 1.000000 1.000000 1.000000 2.000000 1.000000 2.000000 1.000000 1.000000 2.000000
11680767 1.000000 1.000000 1.000000 1.000000 2.000000 1.000000 1.000000 1.000000 1.000000 2.000000
7462087 2.000000 1.000000 1.000000 1.000000 2.000000 1.000000 1.000000 1.000000 1.000000 2.000000
30700810 3.000000 1.000000 1.000000 1.000000 2.000000 1.000000 2.000000 1.000000 1.000000 2.000000
10426149 1.000000 2.000000 2.000000 1.000000 2.000000 1.000000 1.000000 1.000000 1.000000 2.000000
16321230 1.000000 1.000000 1.000000 3.000000 2.000000 1.000000 1.000000 1.000000 1.000000 2.000000
2139933 3.000000 1.000000 1.000000 1.000000 2.000000 1.000000 2.000000 1.000000 1.000000 2.000000
28689400 3.000000 1.000000 1.000000 2.000000 3.000000 4.000000 1.000000 1.000000 1.000000 2.000000
14397870 1.000000 2.000000 1.000000 3.000000 2.000000 1.000000 2.000000 1.000000 1.000000 2.000000
20734866 5.000000 1.000000 1.000000 1.000000 2.000000 1.000000 2.000000 2.000000 1.000000 2.000000
23355202 4.000000 1.000000 1.000000 1.000000 2.000000 1.000000 2.000000 1.000000 1.000000 2.000000
18208762 3.000000 1.000000 1.000000 1.000000 2.000000 1.000000 3.000000 1.000000 1.000000 2.000000
4047040 3.000000 1.000000 1.000000 1.000000 2.000000 1.000000 2.000000 1.000000 1.000000 2.000000
1725487 5.000000 1.000000 1.000000 1.000000 2.000000 1.000000 2.000000 1.000000 1.000000 2.000000
21677089 5.000000 4.000000 5.000000 1.000000 8.000000 1.000000 3.000000 6.000000 1.000000 2.000000
31406415 1.000000 1.000000 1.000000 1.000000 2.000000 1.000000 1.000000 1.000000 1.000000 2.000000
5212168 1.000000 1.000000 1.000000 1.000000 2.000000 1.000000 2.000000 1.000000 1.000000 2.000000
5212168 4.000000 1.000000 1.000000 1.000000 2.000000 1.000000 3.000000 1.000000 1.000000 2.000000
16680123 1.000000 1.000000 3.000000 1.000000 2.000000 1.000000 2.000000 1.000000 1.000000 2.000000
3723240 1.000000 1.000000 3.000000 1.000000 2.000000 1.000000 2.000000 1.000000 1.000000 2.000000
1629597 3.000000 1.000000 1.000000 3.000000 2.000000 1.000000 2.000000 1.000000 1.000000 2.000000
21921631 1.000000 1.000000 1.000000 1.000000 2.000000 1.000000 1.000000 1.000000 1.000000 2.000000
4383646 5.000000 2.000000 2.000000 2.000000 2.000000 1.000000 1.000000 1.000000 2.000000 2.000000
4915425 3.000000 1.000000 1.000000 1.000000 2.000000 1.000000 3.000000 1.000000 1.000000 2.000000
17926048 3.000000 2.000000 1.000000 2.000000 2.000000 1.000000 3.000000 1.000000 1.000000 2.000000
14048083 2.000000 1.000000 1.000000 1.000000 2.000000 1.000000 3.000000 1.000000 1.000000 2.000000
14048083 5.000000 3.000000 2.000000 1.000000 3.000000 1.000000 1.000000 1.000000 1.000000 2.000000
7697119 1.000000 1.000000 1.000000 1.000000 2.000000 1.000000 2.000000 1.000000 1.000000 2.000000
615984 4.000000 1.000000 4.000000 1.000000 2.000000 1.000000 1.000000 1.000000 1.000000 2.000000
23728714 1.000000 1.000000 2.000000 1.000000 2.000000 1.000000 2.000000 1.000000 1.000000 2.000000
13819422 5.000000 1.000000 1.000000 1.000000 2.000000 1.000000 1.000000 1.000000 1.000000 2.000000
30238662 1.000000 1.000000 1.000000 1.000000 2.000000 1.000000 1.000000 1.000000 1.000000 2.000000
12070860 2.000000 1.000000 1.000000 1.000000 2.000000 1.000000 1.000000 1.000000 1.000000 2.000000
8534098 5.000000 1.000000 1.000000 1.000000 2.000000 1.000000 3.000000 2.000000 1.000000 2.000000
19841692 1.000000 1.000000 1.000000 1.000000 2.000000 1.000000 1.000000 1.000000 1.000000 2.000000
19841692 1.000000 1.000000 1.000000 1.000000 2.000000 1.000000 1.000000 1.000000 1.000000 2.000000
14132262 1.000000 1.000000 1.000000 1.000000 2.000000 1.000000 1.000000 1.000000 1.000000 2.000000
31375573 1.000000 1.000000 1.000000 1.000000 2.000000 1.000000 1.000000 1.000000 1.000000 2.000000
7407804 3.000000 1.000000 1.000000 1.000000 2.000000 1.000000 2.000000 3.000000 1.000000 2.000000
29507095 4.000000 1.000000 1.000000 1.000000 2.000000 1.000000 1.000000 1.000000 1.000000 2.000000
2960841 1.000000 1.000000 1.000000 1.000000 2.000000 1.000000 1.000000 1.000000 8.000000 2.000000
2960841 1.000000 1.000000 1.000000 3.000000 2.000000 1.000000 1.000000 1.000000 1.000000 2.000000
30910806 3.000000 1.000000 1.000000 1.000000 2.000000 1.000000 1.000000 1.000000 1.000000 2.000000
25229296 3.000000 1.000000 1.000000 1.000000 2.000000 1.000000 2.000000 1.000000 2.000000 2.000000
22110699 3.000000 1.000000 1.000000 1.000000 3.000000 2.000000 1.000000 1.000000 1.000000 2.000000
8416147 2.000000 1.000000 1.000000 1.000000 2.000000 1.000000 1.000000 1.000000 1.000000 2.000000
