10313731 7.000000 4.000000 7.000000 4.000000 3.000000 7.000000 7.000000 6.000000 1.000000 4.000000
14414710 6.000000 8.000000 7.000000 5.000000 6.000000 8.000000 8.000000 9.000000 2.000000 4.000000
12295381 10.000000 4.000000 5.000000 5.000000 5.000000 10.000000 4.000000 1.000000 1.000000 4.000000
19970463 10.000000 8.000000 8.000000 2.000000 8.000000 10.000000 4.000000 8.000000 10.000000 4.000000
16533 9.000000 8.000000 8.000000 5.000000 6.000000 2.000000 4.000000 10.000000 4.000000 4.000000
16490791 8.000000 10.000000 10.000000 8.000000 6.000000 9.000000 3.000000 10.000000 10.000000 4.000000
8066401 10.000000 4.000000 3.000000 2.000000 3.000000 10.000000 5.000000 3.000000 2.000000 4.000000
8328204 8.000000 10.000000 10.000000 8.000000 5.000000 10.000000 7.000000 8.000000 1.000000 4.000000
11654224 8.000000 4.000000 4.000000 1.000000 2.000000 9.000000 3.000000 3.000000 1.000000 4.000000
13176150 10.000000 4.000000 4.000000 10.000000 2.000000 10.000000 5.000000 3.000000 3.000000 4.000000
14747419 6.000000 10.000000 10.000000 2.000000 8.000000 10.000000 7.000000 3.000000 3.000000 4.000000
16249636 9.000000 10.000000 10.000000 1.000000 10.000000 8.000000 3.000000 3.000000 1.000000 4.000000
31106407 5.000000 6.000000 6.000000 2.000000 4.000000 10.000000 3.000000 6.000000 1.000000 4.000000
16673041 10.000000 5.000000 8.000000 10.000000 3.000000 10.000000 5.000000 1.000000 3.000000 4.000000
13637628 5.000000 10.000000 10.000000 6.000000 10.000000 10.000000 10.000000 6.000000 5.000000 4.000000
21284382 8.000000 8.000000 9.000000 4.000000 5.000000 10.000000 7.000000 8.000000 1.000000 4.000000
20949510 10.000000 4.000000 4.000000 10.000000 6.000000 10.000000 5.000000 5.000000 1.000000 4.000000
16647043 7.000000 9.000000 4.000000 10.000000 10.000000 3.000000 5.000000 3.000000 3.000000 4.000000
21723069 10.000000 10.000000 6.000000 3.000000 3.000000 10.000000 4.000000 3.000000 2.000000 4.000000
9854359 3.000000 3.000000 5.000000 2.000000 3.000000 10.000000 7.000000 1.000000 1.000000 4.000000
13914139 10.000000 8.000000 8.000000 2.000000 3.000000 4.000000 8.000000 7.000000 8.000000 4.000000
16333404 8.000000 4.000000 7.000000 1.000000 3.000000 10.000000 3.000000 9.000000 2.000000 4.000000
9854359 3.000000 3.000000 5.000000 2.000000 3.000000 10.000000 7.000000 1.000000 1.000000 4.000000
28052944 7.000000 2.000000 4.000000 1.000000 3.000000 4.000000 3.000000 3.000000 1.000000 4.000000
12208312 10.000000 5.000000 7.000000 3.000000 3.000000 7.000000 3.000000 3.000000 8.000000 4.000000
14981674 1.000000 4.000000 3.000000 10.000000 4.000000 10.000000 5.000000 6.000000 1.000000 4.000000
23812195 10.000000 4.000000 6.000000 1.000000 2.000000 10.000000 5.000000 3.000000 1.000000 4.000000
5319880 7.000000 4.000000 5.000000 10.000000 2.000000 10.000000 3.000000 8.000000 2.000000 4.000000
7437766 8.000000 10.000000 10.000000 10.000000 8.000000 10.000000 10.000000 7.000000 3.000000 4.000000
18268053 10.000000 10.000000 10.000000 10.000000 10.000000 10.000000 4.000000 10.000000 10.000000 4.000000
23137656 6.000000 1.000000 3.000000 1.000000 4.000000 5.000000 5.000000 10.000000 1.000000 4.000000
6735751 5.000000 6.000000 6.000000 8.000000 6.000000 10.000000 4.000000 10.000000 4.000000 4.000000
18989095 10.000000 4.000000 4.000000 6.000000 2.000000 10.000000 2.000000 3.000000 1.000000 4.000000
29564611 5.000000 5.000000 7.000000 8.000000 6.000000 10.000000 7.000000 4.000000 1.000000 4.000000
10315251 9.000000 1.000000 2.000000 6.000000 4.000000 10.000000 7.000000 7.000000 2.000000 4.000000
1922052 8.000000 4.000000 10.000000 5.000000 4.000000 4.000000 7.000000 10.000000 1.000000 4.000000
25530448 10.000000 10.000000 10.000000 7.000000 9.000000 10.000000 7.000000 10.000000 10.000000 4.000000
14276422 8.000000 3.000000 4.000000 9.000000 3.000000 10.000000 3.000000 3.000000 1.000000 4.000000
23270599 10.000000 8.000000 4.000000 4.000000 4.000000 10.000000 3.000000 10.000000 4.000000 4.000000
9897367 7.000000 8.000000 7.000000 6.000000 4.000000 3.000000 8.000000 8.000000 4.000000 4.000000
4814179 8.000000 6.000000 4.000000 10.000000 10.000000 1.000000 3.000000 5.000000 1.000000 4.000000
26955421 5.000000 5.000000 5.000000 2.000000 5.000000 10.000000 4.000000 3.000000 1.000000 4.000000
7646442 6.000000 8.000000 7.000000 8.000000 6.000000 8.000000 8.000000 9.000000 1.000000 4.000000
11858712 7.000000 6.000000 3.000000 2.000000 5.000000 10.000000 7.000000 4.000000 6.000000 4.000000
28794265 5.000000 4.000000 6.000000 10.000000 2.000000 10.000000 4.000000 1.000000 1.000000 4.000000
4767795 10.000000 1.000000 1.000000 1.000000 2.000000 10.000000 5.000000 4.000000 1.000000 4.000000
27192667 8.000000 10.000000 3.000000 2.000000 6.000000 4.000000 3.000000 10.000000 1.000000 4.000000
7478799 10.000000 4.000000 6.000000 4.000000 5.000000 10.000000 7.000000 1.000000 1.000000 4.000000
16931754 10.000000 4.000000 7.000000 2.000000 2.000000 8.000000 6.000000 1.000000 1.000000 4.000000
29320905 5.000000 4.000000 6.000000 6.000000 4.000000 10.000000 4.000000 3.000000 1.000000 4.000000
966637 8.000000 6.000000 7.000000 3.000000 3.000000 10.000000 3.000000 4.000000 2.000000 4.000000
4336174 6.000000 5.000000 5.000000 8.000000 4.000000 10.000000 3.000000 4.000000 1.000000 4.000000
30280132 8.000000 5.000000 5.000000 5.000000 2.000000 10.000000 4.000000 3.000000 1.000000 4.000000
10296625 10.000000 3.000000 3.000000 1.000000 2.000000 10.000000 7.000000 6.000000 1.000000 4.000000
20825035 7.000000 6.000000 4.000000 8.000000 10.000000 10.000000 9.000000 5.000000 3.000000 4.000000
25989109 3.000000 4.000000 4.000000 10.000000 5.000000 1.000000 3.000000 3.000000 1.000000 4.000000
21387040 4.000000 2.000000 3.000000 5.000000 3.000000 8.000000 7.000000 6.000000 1.000000 4.000000
21929329 2.000000 7.000000 10.000000 10.000000 7.000000 10.000000 4.000000 9.000000 4.000000 4.000000
27494112 5.000000 3.000000 3.000000 1.000000 3.000000 3.000000 3.000000 3.000000 3.000000 4.000000
29195226 8.000000 10.000000 10.000000 7.000000 10.000000 10.000000 7.000000 3.000000 8.000000 4.000000
15757980 8.000000 10.000000 5.000000 3.000000 8.000000 4.000000 4.000000 10.000000 3.000000 4.000000
25879401 10.000000 3.000000 5.000000 4.000000 3.000000 7.000000 3.000000 5.000000 3.000000 4.000000
27907387 6.000000 10.000000 10.000000 10.000000 10.000000 10.000000 8.000000 10.000000 10.000000 4.000000
27726991 3.000000 10.000000 3.000000 10.000000 6.000000 10.000000 5.000000 1.000000 4.000000 4.000000
5383249 6.000000 10.000000 10.000000 10.000000 8.000000 10.000000 7.000000 10.000000 7.000000 4.000000
5054424 5.000000 8.000000 8.000000 10.000000 5.000000 10.000000 8.000000 10.000000 3.000000 4.000000
12082212 10.000000 6.000000 3.000000 6.000000 4.000000 10.000000 7.000000 8.000000 4.000000 4.000000
22601740 7.000000 6.000000 6.000000 3.000000 2.000000 10.000000 7.000000 1.000000 1.000000 4.000000
3344227 10.000000 8.000000 7.000000 4.000000 3.000000 10.000000 7.000000 9.000000 1.000000 4.000000
17280120 3.000000 10.000000 8.000000 7.000000 6.000000 9.000000 9.000000 3.000000 8.000000 4.000000
12017443 10.000000 10.000000 10.000000 6.000000 8.000000 4.000000 8.000000 5.000000 1.000000 4.000000
29393482 8.000000 5.000000 6.000000 2.000000 3.000000 10.000000 6.000000 6.000000 1.000000 4.000000
817219 8.000000 7.000000 8.000000 5.000000 10.000000 10.000000 7.000000 2.000000 1.000000 4.000000
27927961 10.000000 10.000000 10.000000 7.000000 10.000000 10.000000 8.000000 2.000000 1.000000 4.000000
19688719 9.000000 10.000000 10.000000 10.000000 10.000000 10.000000 10.000000 10.000000 1.000000 4.000000
16328638 8.000000 7.000000 8.000000 2.000000 4.000000 2.000000 5.000000 10.000000 1.000000 4.000000
15907054 10.000000 8.000000 10.000000 1.000000 3.000000 10.000000 5.000000 1.000000 1.000000 4.000000
10403107 10.000000 10.000000 10.000000 1.000000 6.000000 1.000000 2.000000 8.000000 1.000000 4.000000
24232281 10.000000 4.000000 3.000000 10.000000 4.000000 10.000000 10.000000 1.000000 1.000000 4.000000
5953491 5.000000 7.000000 9.000000 8.000000 6.000000 10.000000 8.000000 10.000000 1.000000 4.000000
526447 4.000000 5.000000 5.000000 8.000000 6.000000 10.000000 10.000000 7.000000 1.000000 4.000000
4694218 10.000000 2.000000 2.000000 1.000000 2.000000 6.000000 1.000000 1.000000 2.000000 4.000000
7415383 10.000000 6.000000 5.000000 8.000000 5.000000 10.000000 8.000000 6.000000 1.000000 4.000000
30654418 8.000000 8.000000 9.000000 6.000000 6.000000 3.000000 10.000000 10.000000 1.000000 4.000000
9829558 10.000000 9.000000 8.000000 7.000000 6.000000 4.000000 7.000000 10.000000 3.000000 4.000000
25850080 10.000000 6.000000 6.000000 2.000000 4.000000 10.000000 9.000000 7.000000 1.000000 4.000000
7462087 6.000000 6.000000 6.000000 5.000000 4.000000 10.000000 7.000000 6.000000 2.000000 4.000000
21595756 4.000000 8.000000 7.000000 10.000000 4.000000 10.000000 7.000000 5.000000 1.000000 4.000000
13804711 9.000000 10.000000 10.000000 10.000000 10.000000 5.000000 10.000000 10.000000 10.000000 4.000000
12467565 8.000000 7.000000 8.000000 5.000000 5.000000 10.000000 9.000000 10.000000 1.000000 4.000000
21904876 10.000000 10.000000 10.000000 10.000000 6.000000 10.000000 8.000000 1.000000 5.000000 4.000000
14782842 3.000000 6.000000 4.000000 10.000000 3.000000 3.000000 3.000000 4.000000 1.000000 4.000000
19368538 6.000000 3.000000 2.000000 1.000000 3.000000 4.000000 4.000000 1.000000 1.000000 4.000000
17784117 5.000000 8.000000 9.000000 4.000000 3.000000 10.000000 7.000000 1.000000 1.000000 4.000000
18990255 5.000000 10.000000 10.000000 10.000000 6.000000 10.000000 6.000000 5.000000 2.000000 4.000000
28060590 8.000000 10.000000 10.000000 10.000000 7.000000 5.000000 4.000000 8.000000 7.000000 4.000000
7113943 6.000000 6.000000 7.000000 10.000000 3.000000 10.000000 8.000000 10.000000 2.000000 4.000000
16341624 4.000000 10.000000 4.000000 7.000000 3.000000 10.000000 9.000000 10.000000 1.000000 4.000000
18502393 4.000000 7.000000 8.000000 3.000000 4.000000 10.000000 9.000000 1.000000 1.000000 4.000000
19234846 10.000000 4.000000 5.000000 4.000000 3.000000 5.000000 7.000000 3.000000 1.000000 4.000000
3194977 7.000000 5.000000 6.000000 10.000000 4.000000 10.000000 5.000000 3.000000 1.000000 4.000000
23411709 7.000000 4.000000 4.000000 3.000000 4.000000 10.000000 6.000000 9.000000 1.000000 4.000000
24939798 6.000000 10.000000 10.000000 10.000000 4.000000 10.000000 7.000000 10.000000 1.000000 4.000000
22655416 7.000000 8.000000 3.000000 7.000000 4.000000 5.000000 7.000000 8.000000 2.000000 4.000000
1354998 5.000000 7.000000 10.000000 10.000000 5.000000 10.000000 10.000000 10.000000 1.000000 4.000000
16729858 8.000000 4.000000 4.000000 1.000000 6.000000 10.000000 2.000000 5.000000 2.000000 4.000000
12130636 10.000000 10.000000 8.000000 10.000000 6.000000 5.000000 10.000000 3.000000 1.000000 4.000000
16651714 8.000000 10.000000 4.000000 4.000000 8.000000 10.000000 8.000000 2.000000 1.000000 4.000000
17648766 7.000000 6.000000 10.000000 5.000000 3.000000 10.000000 9.000000 10.000000 2.000000 4.000000
17855125 10.000000 9.000000 7.000000 3.000000 4.000000 2.000000 7.000000 7.000000 1.000000 4.000000
25324179 5.000000 7.000000 10.000000 6.000000 5.000000 10.000000 7.000000 5.000000 1.000000 4.000000
23774946 6.000000 10.000000 5.000000 5.000000 4.000000 10.000000 6.000000 10.000000 1.000000 4.000000
18473695 8.000000 10.000000 10.000000 10.000000 6.000000 10.000000 10.000000 10.000000 1.000000 4.000000
18624466 9.000000 8.000000 8.000000 9.000000 6.000000 3.000000 4.000000 1.000000 1.000000 4.000000
31527556 4.000000 10.000000 8.000000 5.000000 4.000000 1.000000 10.000000 1.000000 1.000000 4.000000
8779380 2.000000 5.000000 7.000000 6.000000 4.000000 10.000000 7.000000 6.000000 1.000000 4.000000
11673786 10.000000 3.000000 4.000000 5.000000 3.000000 10.000000 4.000000 1.000000 1.000000 4.000000
26857215 4.000000 8.000000 6.000000 3.000000 4.000000 10.000000 7.000000 1.000000 1.000000 4.000000
1750117 5.000000 4.000000 6.000000 8.000000 4.000000 1.000000 8.000000 10.000000 1.000000 4.000000
19861261 5.000000 3.000000 2.000000 8.000000 5.000000 10.000000 8.000000 1.000000 2.000000 4.000000
19273167 10.000000 5.000000 10.000000 3.000000 5.000000 8.000000 7.000000 8.000000 3.000000 4.000000
14635167 5.000000 10.000000 10.000000 10.000000 10.000000 10.000000 10.000000 1.000000 1.000000 4.000000
15642544 10.000000 4.000000 3.000000 10.000000 3.000000 10.000000 7.000000 1.000000 2.000000 4.000000
16253518 5.000000 10.000000 10.000000 10.000000 5.000000 2.000000 8.000000 5.000000 1.000000 4.000000
20825035 8.000000 10.000000 10.000000 10.000000 6.000000 10.000000 10.000000 10.000000 10.000000 4.000000
12739564 4.000000 6.000000 6.000000 5.000000 7.000000 6.000000 7.000000 7.000000 3.000000 4.000000
18557730 8.000000 7.000000 4.000000 4.000000 5.000000 3.000000 5.000000 10.000000 1.000000 4.000000
19437699 10.000000 10.000000 7.000000 8.000000 7.000000 1.000000 10.000000 10.000000 3.000000 4.000000
24026203 5.000000 10.000000 10.000000 10.000000 10.000000 2.000000 10.000000 10.000000 10.000000 4.000000
8315197 7.000000 8.000000 8.000000 7.000000 3.000000 10.000000 7.000000 2.000000 3.000000 4.000000
24810109 5.000000 7.000000 4.000000 1.000000 6.000000 1.000000 7.000000 10.000000 3.000000 4.000000
19539036 5.000000 10.000000 10.000000 8.000000 5.000000 5.000000 7.000000 10.000000 1.000000 4.000000
25355917 3.000000 10.000000 7.000000 8.000000 5.000000 8.000000 7.000000 4.000000 1.000000 4.000000
8378808 10.000000 10.000000 10.000000 10.000000 5.000000 10.000000 10.000000 10.000000 7.000000 4.000000
4497547 5.000000 10.000000 10.000000 10.000000 4.000000 10.000000 5.000000 6.000000 3.000000 4.000000
6090477 5.000000 10.000000 10.000000 5.000000 4.000000 5.000000 4.000000 4.000000 1.000000 4.000000
9287497 5.000000 10.000000 10.000000 3.000000 7.000000 3.000000 8.000000 10.000000 2.000000 4.000000
10485924 4.000000 8.000000 6.000000 4.000000 3.000000 4.000000 10.000000 6.000000 1.000000 4.000000
10485924 4.000000 8.000000 8.000000 5.000000 4.000000 5.000000 10.000000 4.000000 1.000000 4.000000
